saos_id|date|court|case_number|type|saos_url
542621|2026-01-16|SO|I ACa 2175/25|Wyrok|https://www.saos.org.pl/judgments/542621
543066|2026-01-13|SO|I ACa 2112/25|Wyrok|https://www.saos.org.pl/judgments/543066
541819|2025-12-12|SO|I ACa 420/23|Wyrok|https://www.saos.org.pl/judgments/541819
540046|2025-11-19|SO|V AGa 530/24|Wyrok|https://www.saos.org.pl/judgments/540046
537566|2025-11-13|SO|IV Ca 268/25|Uzasadnienie|https://www.saos.org.pl/judgments/537566
539886|2025-11-03|SO|I ACa 2075/24|Wyrok|https://www.saos.org.pl/judgments/539886
544124|2025-10-24|SO|I ACa 1732/22|Wyrok|https://www.saos.org.pl/judgments/544124
540183|2025-10-23|SO|III AUa 518/23|Wyrok|https://www.saos.org.pl/judgments/540183
543543|2025-09-16|SO|I ACa 890/24|Wyrok|https://www.saos.org.pl/judgments/543543
532599|2025-08-06|SO|IV Ca 14/25|Postanowienie|https://www.saos.org.pl/judgments/532599
533646|2025-07-11|SO|I ACa 2116/24|Wyrok|https://www.saos.org.pl/judgments/533646
537531|2025-07-09|SO|I ACa 2151/22|Wyrok|https://www.saos.org.pl/judgments/537531
542513|2025-06-10|SO|I ACa 3563/24|Wyrok|https://www.saos.org.pl/judgments/542513
539638|2025-06-10|SO|XXVII Ca 2347/24|Wyrok|https://www.saos.org.pl/judgments/539638
532044|2025-05-29|SO|VII Pa 60/24|Wyrok|https://www.saos.org.pl/judgments/532044
532975|2025-04-15|SO|I ACa 2577/23|Wyrok|https://www.saos.org.pl/judgments/532975
530823|2025-04-02|SO|I Ca 222/24|Uzasadnienie|https://www.saos.org.pl/judgments/530823
524957|2025-03-06|SO|IX Ca 1331/24|Wyrok|https://www.saos.org.pl/judgments/524957
531294|2025-03-05|SO|III AUa 2/24|Wyrok|https://www.saos.org.pl/judgments/531294
525959|2025-02-05|SO|I Ca 267/24|Uzasadnienie|https://www.saos.org.pl/judgments/525959
535658|2025-01-24|SO|I ACa 1213/22|Wyrok|https://www.saos.org.pl/judgments/535658
538426|2025-01-16|SO|III AUa 533/23|Wyrok|https://www.saos.org.pl/judgments/538426
531302|2025-01-13|SO|III AUa 62/23|Wyrok|https://www.saos.org.pl/judgments/531302
534491|2024-12-27|SO|I ACa 1162/22|Wyrok|https://www.saos.org.pl/judgments/534491
521950|2024-12-05|SO|V ACa 927/22|Wyrok|https://www.saos.org.pl/judgments/521950
524768|2024-12-02|SO|VIII Ua 59/24|Uzasadnienie|https://www.saos.org.pl/judgments/524768
535708|2024-11-22|SO|II Ca 1282/23|Postanowienie|https://www.saos.org.pl/judgments/535708
531506|2024-11-21|SO|I ACa 695/24|Wyrok|https://www.saos.org.pl/judgments/531506
533521|2024-11-12|SO|I ACa 1099/22|Wyrok|https://www.saos.org.pl/judgments/533521
516293|2024-10-22|SO|III APa 2/24|Wyrok|https://www.saos.org.pl/judgments/516293
528877|2024-08-22|SO|V Ca 1507/23|Wyrok|https://www.saos.org.pl/judgments/528877
539159|2024-07-23|SO|I ACa 1555/21|Wyrok|https://www.saos.org.pl/judgments/539159
527889|2024-06-21|SO|I AGa 184/22|Wyrok|https://www.saos.org.pl/judgments/527889
494010|2024-05-23|SO|I ACa 2846/22|Wyrok|https://www.saos.org.pl/judgments/494010
544340|2024-05-22|SO|I ACa 2188/22|Wyrok|https://www.saos.org.pl/judgments/544340
494909|2024-04-30|SO|I AGa 156/23|Wyrok|https://www.saos.org.pl/judgments/494909
540865|2024-04-25|SO|V ACa 1994/23|Wyrok|https://www.saos.org.pl/judgments/540865
533727|2024-04-25|SO|III Ca 1490/22|Uzasadnienie|https://www.saos.org.pl/judgments/533727
544820|2024-04-22|SO|I ACa 2163/22|Wyrok|https://www.saos.org.pl/judgments/544820
544819|2024-04-22|SO|I ACa 2138/22|Wyrok|https://www.saos.org.pl/judgments/544819
544818|2024-04-22|SO|I ACa 2136/22|Wyrok|https://www.saos.org.pl/judgments/544818
521594|2024-04-12|SO|I ACa 828/22|Wyrok|https://www.saos.org.pl/judgments/521594
520176|2024-03-18|SO|I ACa 521/24|Wyrok|https://www.saos.org.pl/judgments/520176
520064|2024-03-14|SO|I ACa 1020/22|Wyrok|https://www.saos.org.pl/judgments/520064
543631|2024-03-12|SO|I ACa 2010/22|Wyrok|https://www.saos.org.pl/judgments/543631
493858|2024-03-12|SO|I ACa 1961/23|Wyrok|https://www.saos.org.pl/judgments/493858
531329|2024-03-11|SO|III Ca 670/22|Uzasadnienie|https://www.saos.org.pl/judgments/531329
493595|2024-03-05|SO|I ACa 1404/22|Wyrok|https://www.saos.org.pl/judgments/493595
523891|2024-02-29|SO|I ACa 1643/23|Wyrok|https://www.saos.org.pl/judgments/523891
502311|2024-02-29|SO|II Ca 987/23|Postanowienie|https://www.saos.org.pl/judgments/502311
499818|2024-02-28|SO|I Ca 10/24|Uzasadnienie|https://www.saos.org.pl/judgments/499818
519161|2024-02-12|SO|I ACa 391/22|Wyrok|https://www.saos.org.pl/judgments/519161
533432|2024-02-09|SO|I ACa 2593/22|Wyrok|https://www.saos.org.pl/judgments/533432
544412|2024-02-01|SO|V ACa 894/23|Wyrok|https://www.saos.org.pl/judgments/544412
517929|2024-02-01|SO|I ACa 2962/23|Wyrok|https://www.saos.org.pl/judgments/517929
543261|2024-01-25|SO|V ACa 289/23|Uzasadnienie|https://www.saos.org.pl/judgments/543261
528678|2024-01-25|SO|II Ca 1412/23|Zarządzenie|https://www.saos.org.pl/judgments/528678
518072|2024-01-12|SO|I ACa 3078/23|Wyrok|https://www.saos.org.pl/judgments/518072
544034|2024-01-11|SO|V ACa 321/22|Wyrok|https://www.saos.org.pl/judgments/544034
542648|2024-01-11|SO|V ACa 569/23|Wyrok|https://www.saos.org.pl/judgments/542648
527463|2023-12-27|SO|III Ca 2526/21|Uzasadnienie|https://www.saos.org.pl/judgments/527463
515669|2023-12-20|SO|XXVII Ca 1641/23|Wyrok|https://www.saos.org.pl/judgments/515669
543975|2023-12-19|SO|V ACa 309/22|Wyrok|https://www.saos.org.pl/judgments/543975
544714|2023-12-15|SO|V ACa 610/21|Wyrok|https://www.saos.org.pl/judgments/544714
544338|2023-12-14|SO|I ACa 1534/22|Wyrok|https://www.saos.org.pl/judgments/544338
501782|2023-12-14|SO|II Ca 1990/23|Wyrok|https://www.saos.org.pl/judgments/501782
499944|2023-12-12|SO|I Ca 484/22|Wyrok|https://www.saos.org.pl/judgments/499944
494479|2023-12-06|SO|I ACa 693/22|Wyrok|https://www.saos.org.pl/judgments/494479
539160|2023-11-29|SO|I ACa 1588/23|Wyrok|https://www.saos.org.pl/judgments/539160
494796|2023-11-29|SO|I ACa 964/23|Wyrok|https://www.saos.org.pl/judgments/494796
493371|2023-11-24|SO|I ACa 113/22|Wyrok|https://www.saos.org.pl/judgments/493371
518422|2023-11-21|SO|III Ca 397/22|Uzasadnienie|https://www.saos.org.pl/judgments/518422
522907|2023-11-15|SO|II Ca 1496/23|Wyrok|https://www.saos.org.pl/judgments/522907
516151|2023-11-15|SO|II Ca 2434/22|Wyrok|https://www.saos.org.pl/judgments/516151
542295|2023-11-14|SO|I ACa 1970/22|Wyrok|https://www.saos.org.pl/judgments/542295
544336|2023-11-06|SO|I ACa 1242/22|Wyrok|https://www.saos.org.pl/judgments/544336
541797|2023-11-06|SO|I ACa 1226/22|Wyrok|https://www.saos.org.pl/judgments/541797
522894|2023-10-30|SO|II Ca 1269/23|Wyrok|https://www.saos.org.pl/judgments/522894
501950|2023-10-27|SO|II Ca 370/23|Wyrok|https://www.saos.org.pl/judgments/501950
494682|2023-10-26|SO|I ACa 880/22|Wyrok|https://www.saos.org.pl/judgments/494682
493722|2023-10-24|SO|I ACa 1596/22|Wyrok|https://www.saos.org.pl/judgments/493722
527406|2023-10-19|SO|II Ca 945/23|Zarządzenie|https://www.saos.org.pl/judgments/527406
509231|2023-10-18|SO|IX Ca 808/23|Wyrok|https://www.saos.org.pl/judgments/509231
540911|2023-10-11|SO|I ACa 1198/22|Wyrok|https://www.saos.org.pl/judgments/540911
518453|2023-10-10|SO|III Ca 873/22|Uzasadnienie|https://www.saos.org.pl/judgments/518453
501733|2023-10-05|SO|II Ca 1678/23|Wyrok|https://www.saos.org.pl/judgments/501733
528301|2023-09-29|SO|I ACa 966/22|Wyrok|https://www.saos.org.pl/judgments/528301
493510|2023-09-28|SO|I ACa 1284/21|Wyrok|https://www.saos.org.pl/judgments/493510
506835|2023-09-27|SO|III Cz 253/23|Postanowienie|https://www.saos.org.pl/judgments/506835
493425|2023-09-20|SO|I ACa 1177/22|Wyrok|https://www.saos.org.pl/judgments/493425
493435|2023-09-18|SO|I ACa 1190/21|Wyrok|https://www.saos.org.pl/judgments/493435
494823|2023-08-31|SO|I ACa 980/21|Wyrok|https://www.saos.org.pl/judgments/494823
493668|2023-08-08|SO|I ACa 1503/22|Wyrok|https://www.saos.org.pl/judgments/493668
501641|2023-08-01|SO|II Ca 1282/22|Postanowienie|https://www.saos.org.pl/judgments/501641
501980|2023-07-31|SO|II Ca 417/23|Wyrok|https://www.saos.org.pl/judgments/501980
494597|2023-07-28|SO|I ACa 8/23|Wyrok|https://www.saos.org.pl/judgments/494597
528300|2023-07-26|SO|I ACa 934/22|Wyrok|https://www.saos.org.pl/judgments/528300
528162|2023-07-18|SO|I ACa 702/22|Wyrok|https://www.saos.org.pl/judgments/528162
492729|2023-07-13|SO|XIII Ga 714/22|Uzasadnienie|https://www.saos.org.pl/judgments/492729
493723|2023-07-03|SO|I ACa 1597/21|Wyrok|https://www.saos.org.pl/judgments/493723
509780|2023-06-30|SO|V ACa 388/23|Wyrok|https://www.saos.org.pl/judgments/509780
494700|2023-06-30|SO|I ACa 892/23|Postanowienie|https://www.saos.org.pl/judgments/494700
517034|2023-06-28|SO|V ACa 40/22|Wyrok|https://www.saos.org.pl/judgments/517034
511814|2023-06-27|SO|VII Pa 112/22|Wyrok|https://www.saos.org.pl/judgments/511814
491908|2023-06-27|SO|VIII Ua 19/23|Uzasadnienie|https://www.saos.org.pl/judgments/491908
523894|2023-06-14|SO|I ACa 843/22|Wyrok|https://www.saos.org.pl/judgments/523894
516380|2023-06-13|SO|I ACa 1526/22|Wyrok|https://www.saos.org.pl/judgments/516380
509776|2023-06-06|SO|V ACa 370/23|Wyrok|https://www.saos.org.pl/judgments/509776
529417|2023-06-05|SO|I ACa 679/21|Wyrok|https://www.saos.org.pl/judgments/529417
509699|2023-06-05|SO|V ACa 108/23|Wyrok|https://www.saos.org.pl/judgments/509699
499916|2023-05-31|SO|I Ca 396/22|Wyrok|https://www.saos.org.pl/judgments/499916
494681|2023-05-15|SO|I ACa 880/21|Wyrok|https://www.saos.org.pl/judgments/494681
506508|2023-05-11|SO|III Ca 306/22|Uzasadnienie|https://www.saos.org.pl/judgments/506508
509732|2023-04-28|SO|V ACa 1588/22|Wyrok|https://www.saos.org.pl/judgments/509732
505587|2023-04-19|SO|III Ca 1329/21|Uzasadnienie|https://www.saos.org.pl/judgments/505587
492326|2023-04-17|SO|II Ca 2091/22|Wyrok|https://www.saos.org.pl/judgments/492326
506815|2023-04-11|SO|III Ca 960/22|Uzasadnienie|https://www.saos.org.pl/judgments/506815
505706|2023-04-11|SO|III Ca 1511/21|Uzasadnienie|https://www.saos.org.pl/judgments/505706
487640|2023-04-06|SO|III Ca 784/22|Wyrok|https://www.saos.org.pl/judgments/487640
489633|2023-04-04|SO|III AUa 307/22|Wyrok|https://www.saos.org.pl/judgments/489633
489008|2023-04-03|SO|III Ca 689/22|Uzasadnienie|https://www.saos.org.pl/judgments/489008
528161|2023-03-31|SO|I ACa 667/22|Wyrok|https://www.saos.org.pl/judgments/528161
528159|2023-03-31|SO|I ACa 627/22|Wyrok|https://www.saos.org.pl/judgments/528159
523893|2023-03-31|SO|I ACa 698/22|Wyrok|https://www.saos.org.pl/judgments/523893
518781|2023-03-31|SO|I ACa 551/22|Wyrok|https://www.saos.org.pl/judgments/518781
499923|2023-03-31|SO|I Ca 407/22|Postanowienie|https://www.saos.org.pl/judgments/499923
505956|2023-03-30|SO|III Ca 1914/21|Uzasadnienie|https://www.saos.org.pl/judgments/505956
495090|2023-03-30|SO|I AGa 422/21|Wyrok|https://www.saos.org.pl/judgments/495090
489904|2023-03-29|SO|V ACa 331/22|Wyrok|https://www.saos.org.pl/judgments/489904
506572|2023-03-23|SO|III Ca 428/22|Wyrok|https://www.saos.org.pl/judgments/506572
491710|2023-03-22|SO|III Ca 1349/21|Uzasadnienie|https://www.saos.org.pl/judgments/491710
505922|2023-03-20|SO|III Ca 1862/21|Uzasadnienie|https://www.saos.org.pl/judgments/505922
494721|2023-03-15|SO|I ACa 908/21|Wyrok|https://www.saos.org.pl/judgments/494721
486698|2023-03-15|SO|III Ca 278/22|Wyrok|https://www.saos.org.pl/judgments/486698
485511|2023-03-08|SO|III Ca 480/22|Wyrok|https://www.saos.org.pl/judgments/485511
484318|2023-03-07|SO|XIII Ga 1786/21|Uzasadnienie|https://www.saos.org.pl/judgments/484318
485112|2023-02-23|SO|II Ca 81/23|Wyrok|https://www.saos.org.pl/judgments/485112
483714|2023-02-23|SO|I ACa 139/22|Wyrok|https://www.saos.org.pl/judgments/483714
485025|2023-02-21|SO|IV Pa 4/23|Wyrok|https://www.saos.org.pl/judgments/485025
485108|2023-02-17|SO|II Ca 2252/22|Wyrok|https://www.saos.org.pl/judgments/485108
516991|2023-02-15|SO|I ACa 1097/22|Wyrok|https://www.saos.org.pl/judgments/516991
493805|2023-02-10|SO|I ACa 1812/21|Wyrok|https://www.saos.org.pl/judgments/493805
514917|2023-01-31|SO|XV Ca 1008/22|Wyrok|https://www.saos.org.pl/judgments/514917
509756|2023-01-31|SO|V ACa 287/21|Wyrok|https://www.saos.org.pl/judgments/509756
492712|2023-01-30|SO|VII Ua 4/22|Wyrok|https://www.saos.org.pl/judgments/492712
487242|2023-01-30|SO|II Ca 849/22|Wyrok|https://www.saos.org.pl/judgments/487242
506070|2023-01-23|SO|III Ca 2088/19|Uzasadnienie|https://www.saos.org.pl/judgments/506070
488907|2023-01-23|SO|I ACa 914/22|Wyrok|https://www.saos.org.pl/judgments/488907
494367|2023-01-20|SO|I ACa 596/22|Wyrok|https://www.saos.org.pl/judgments/494367
483731|2023-01-16|SO|II Ca 904/22|Wyrok|https://www.saos.org.pl/judgments/483731
483723|2023-01-13|SO|II Ca 1244/22|Wyrok|https://www.saos.org.pl/judgments/483723
490850|2023-01-10|SO|I ACa 470/22|Wyrok|https://www.saos.org.pl/judgments/490850
483725|2022-12-30|SO|II Ca 1778/22|Postanowienie|https://www.saos.org.pl/judgments/483725
484438|2022-12-29|SO|II Ca 774/22|Postanowienie|https://www.saos.org.pl/judgments/484438
483722|2022-12-29|SO|II Ca 1178/22|Postanowienie|https://www.saos.org.pl/judgments/483722
482085|2022-12-27|SO|II Ca 1798/22|Postanowienie|https://www.saos.org.pl/judgments/482085
481357|2022-12-22|SO|IX Ca 758/22|Wyrok|https://www.saos.org.pl/judgments/481357
532779|2022-12-08|SO|V ACa 192/21|Wyrok|https://www.saos.org.pl/judgments/532779
484450|2022-12-08|SO|III AUa 1772/19|Wyrok|https://www.saos.org.pl/judgments/484450
506717|2022-12-02|SO|III Ca 77/21|Uzasadnienie|https://www.saos.org.pl/judgments/506717
484448|2022-11-29|SO|III AUa 1297/19|Wyrok|https://www.saos.org.pl/judgments/484448
482099|2022-11-25|SO|III Ca 30/22|Postanowienie|https://www.saos.org.pl/judgments/482099
481164|2022-11-23|SO|I ACa 576/22|Wyrok|https://www.saos.org.pl/judgments/481164
486117|2022-11-18|SO|I ACa 900/21|Wyrok|https://www.saos.org.pl/judgments/486117
491716|2022-11-17|SO|III Ca 29/21|Uzasadnienie|https://www.saos.org.pl/judgments/491716
492034|2022-11-15|SO|III Ca 1011/21|Uzasadnienie|https://www.saos.org.pl/judgments/492034
494223|2022-11-08|SO|I ACa 471/22|Wyrok|https://www.saos.org.pl/judgments/494223
480770|2022-11-08|SO|III Ca 1513/20|Postanowienie|https://www.saos.org.pl/judgments/480770
477055|2022-10-25|SO|VIII Gz 173/22|Postanowienie|https://www.saos.org.pl/judgments/477055
482435|2022-10-21|SO|I AGa 221/20|Wyrok|https://www.saos.org.pl/judgments/482435
477045|2022-10-20|SO|IX Ca 1412/21|Postanowienie|https://www.saos.org.pl/judgments/477045
523253|2022-10-18|SO|I ACa 1136/21|Wyrok|https://www.saos.org.pl/judgments/523253
494738|2022-10-18|SO|I ACa 922/21|Wyrok|https://www.saos.org.pl/judgments/494738
493369|2022-10-18|SO|I ACa 1127/21|Wyrok|https://www.saos.org.pl/judgments/493369
493896|2022-10-13|SO|I ACa 214/21|Wyrok|https://www.saos.org.pl/judgments/493896
482791|2022-10-11|SO|XV Ca 539/22|Postanowienie|https://www.saos.org.pl/judgments/482791
490669|2022-10-07|SO|III Ca 1601/21|Uzasadnienie|https://www.saos.org.pl/judgments/490669
476856|2022-10-05|SO|III Ca 856/21|Wyrok|https://www.saos.org.pl/judgments/476856
476534|2022-10-05|SO|III Ca 843/21|Wyrok|https://www.saos.org.pl/judgments/476534
482433|2022-10-03|SO|I ACa 1287/20|Wyrok|https://www.saos.org.pl/judgments/482433
499926|2022-09-30|SO|I Ca 419/22|Wyrok|https://www.saos.org.pl/judgments/499926
480247|2022-09-29|SO|V ACa 523/22|Wyrok|https://www.saos.org.pl/judgments/480247
494466|2022-09-21|SO|I ACa 683/21|Wyrok|https://www.saos.org.pl/judgments/494466
475882|2022-09-21|SO|VIII Ga 84/22|Postanowienie|https://www.saos.org.pl/judgments/475882
544883|2022-09-20|SO|I AGa 108/22|Wyrok|https://www.saos.org.pl/judgments/544883
495126|2022-09-15|SO|I AGa 72/21|Wyrok|https://www.saos.org.pl/judgments/495126
477244|2022-09-13|SO|III AUa 1736/21|Wyrok|https://www.saos.org.pl/judgments/477244
509687|2022-09-05|SO|V ACa 10/21|Wyrok|https://www.saos.org.pl/judgments/509687
474406|2022-08-31|SO|III Ca 717/21|Wyrok|https://www.saos.org.pl/judgments/474406
478397|2022-08-25|SO|III AUa 693/18|Wyrok|https://www.saos.org.pl/judgments/478397
488037|2022-07-25|SO|I ACa 770/21|Wyrok|https://www.saos.org.pl/judgments/488037
472925|2022-07-14|SO|I Ca 241/22|Wyrok|https://www.saos.org.pl/judgments/472925
472218|2022-06-23|SO|III Ca 888/21|Wyrok|https://www.saos.org.pl/judgments/472218
493769|2022-06-22|SO|I ACa 174/22|Wyrok|https://www.saos.org.pl/judgments/493769
473093|2022-06-21|SO|II Ca 1230/21|Wyrok|https://www.saos.org.pl/judgments/473093
478754|2022-05-31|SO|III AUa 71/22|Wyrok|https://www.saos.org.pl/judgments/478754
469526|2022-05-27|SO|I ACa 470/21|Wyrok|https://www.saos.org.pl/judgments/469526
468484|2022-05-27|SO|I AGa 60/21|Wyrok|https://www.saos.org.pl/judgments/468484
468756|2022-05-26|SO|I ACa 867/21|Wyrok|https://www.saos.org.pl/judgments/468756
486190|2022-05-24|SO|I ACa 820/21|Wyrok|https://www.saos.org.pl/judgments/486190
494915|2022-05-23|SO|I AGa 169/20|Wyrok|https://www.saos.org.pl/judgments/494915
464693|2022-05-16|SO|III Ca 944/21|Uzasadnienie|https://www.saos.org.pl/judgments/464693
464375|2022-05-11|SO|XIII Ga 798/21|Uzasadnienie|https://www.saos.org.pl/judgments/464375
475874|2022-05-09|SO|VII AGa 965/21|Wyrok|https://www.saos.org.pl/judgments/475874
488053|2022-04-28|SO|I AGa 321/21|Wyrok|https://www.saos.org.pl/judgments/488053
464472|2022-04-28|SO|III Ca 534/21|Postanowienie|https://www.saos.org.pl/judgments/464472
466795|2022-04-13|SO|III Ca 153/21|Postanowienie|https://www.saos.org.pl/judgments/466795
473042|2022-03-30|SO|I ACa 157/22|Wyrok|https://www.saos.org.pl/judgments/473042
469009|2022-03-28|SO|I ACa 567/20|Wyrok|https://www.saos.org.pl/judgments/469009
466821|2022-03-23|SO|III AUa 1255/20|Wyrok|https://www.saos.org.pl/judgments/466821
471118|2022-03-21|SO|III AUa 527/21|Wyrok|https://www.saos.org.pl/judgments/471118
470536|2022-03-01|SO|XV Ca 2004/21|Wyrok|https://www.saos.org.pl/judgments/470536
485848|2022-02-28|SO|I ACa 1021/21|Wyrok|https://www.saos.org.pl/judgments/485848
467168|2022-02-23|SO|I ACa 630/21|Wyrok|https://www.saos.org.pl/judgments/467168
485853|2022-02-22|SO|I AGa 185/21|Wyrok|https://www.saos.org.pl/judgments/485853
468352|2022-02-15|SO|XV Ca 1474/21|Postanowienie|https://www.saos.org.pl/judgments/468352
472281|2022-02-11|SO|III AUa 286/21|Wyrok|https://www.saos.org.pl/judgments/472281
462083|2022-02-09|SO|III Ca 1383/20|Wyrok|https://www.saos.org.pl/judgments/462083
468297|2022-02-02|SO|II Ca 2990/21|Postanowienie|https://www.saos.org.pl/judgments/468297
460199|2022-01-31|SO|VIII Ga 317/21|Uzasadnienie|https://www.saos.org.pl/judgments/460199
460200|2022-01-25|SO|VIII Ga 326/21|Uzasadnienie|https://www.saos.org.pl/judgments/460200
457877|2022-01-24|SO|V ACa 533/21|Wyrok|https://www.saos.org.pl/judgments/457877
461597|2022-01-20|SO|I ACa 1092/20|Wyrok|https://www.saos.org.pl/judgments/461597
458967|2022-01-17|SO|I ACa 136/21|Wyrok|https://www.saos.org.pl/judgments/458967
462702|2022-01-10|SO|I AGa 166/20|Wyrok|https://www.saos.org.pl/judgments/462702
469268|2021-12-30|SO|VII AGa 939/20|Wyrok|https://www.saos.org.pl/judgments/469268
481388|2021-12-28|SO|I ACa 138/21|Wyrok|https://www.saos.org.pl/judgments/481388
460272|2021-12-21|SO|I ACa 354/20|Wyrok|https://www.saos.org.pl/judgments/460272
475600|2021-12-15|SO|I ACa 720/21|Wyrok|https://www.saos.org.pl/judgments/475600
463795|2021-12-15|SO|III Ca 797/20|Wyrok|https://www.saos.org.pl/judgments/463795
466657|2021-12-14|SO|VIII Pa 64/21|Wyrok|https://www.saos.org.pl/judgments/466657
454377|2021-12-08|SO|V ACa 537/21|Wyrok|https://www.saos.org.pl/judgments/454377
455405|2021-12-06|SO|I ACa 124/21|Wyrok|https://www.saos.org.pl/judgments/455405
455507|2021-12-02|SO|VIII Ua 58/21|Zarządzenie|https://www.saos.org.pl/judgments/455507
464448|2021-11-23|SO|I ACa 671/21|Wyrok|https://www.saos.org.pl/judgments/464448
453630|2021-11-22|SO|VII Pa 55/21|Wyrok|https://www.saos.org.pl/judgments/453630
460160|2021-11-08|SO|III Ca 821/20|Uzasadnienie|https://www.saos.org.pl/judgments/460160
454680|2021-11-08|SO|I ACa 224/20|Wyrok|https://www.saos.org.pl/judgments/454680
459697|2021-11-04|SO|V ACa 484/21|Wyrok|https://www.saos.org.pl/judgments/459697
455886|2021-10-29|SO|III AUa 963/21|Wyrok|https://www.saos.org.pl/judgments/455886
468560|2021-10-27|SO|I ACa 419/21|Wyrok|https://www.saos.org.pl/judgments/468560
464638|2021-10-27|SO|I ACa 487/21|Wyrok|https://www.saos.org.pl/judgments/464638
485379|2021-10-11|SO|V ACa 115/18|Wyrok|https://www.saos.org.pl/judgments/485379
451747|2021-09-15|SO|III AUa 511/21|Wyrok|https://www.saos.org.pl/judgments/451747
447524|2021-09-10|SO|I ACa 3/21|Wyrok|https://www.saos.org.pl/judgments/447524
464813|2021-09-07|SO|I ACa 245/20|Wyrok|https://www.saos.org.pl/judgments/464813
447568|2021-07-22|SO|I ACa 42/20|Wyrok|https://www.saos.org.pl/judgments/447568
476991|2021-07-07|SO|I AGa 161/19|Wyrok|https://www.saos.org.pl/judgments/476991
458212|2021-07-06|SO|III Ca 493/20|Uzasadnienie|https://www.saos.org.pl/judgments/458212
458210|2021-07-06|SO|III Ca 490/20|Uzasadnienie|https://www.saos.org.pl/judgments/458210
443706|2021-07-06|SO|V ACa 355/21|Wyrok|https://www.saos.org.pl/judgments/443706
458112|2021-07-01|SO|III Ca 263/20|Uzasadnienie|https://www.saos.org.pl/judgments/458112
449588|2021-06-30|SO|I ACa 241/20|Wyrok|https://www.saos.org.pl/judgments/449588
445868|2021-06-23|SO|III AUa 248/21|Wyrok|https://www.saos.org.pl/judgments/445868
457637|2021-06-14|SO|III Ca 2267/19|Uzasadnienie|https://www.saos.org.pl/judgments/457637
487927|2021-06-11|SO|I ACa 383/20|Wyrok|https://www.saos.org.pl/judgments/487927
447505|2021-06-11|SO|VI ACa 253/20|Wyrok|https://www.saos.org.pl/judgments/447505
439558|2021-05-27|SO|III C 105/21|Zarządzenie|https://www.saos.org.pl/judgments/439558
473041|2021-05-19|SO|I ACa 156/21|Wyrok|https://www.saos.org.pl/judgments/473041
438649|2021-05-13|SO|IX Ca 354/21|Wyrok|https://www.saos.org.pl/judgments/438649
456170|2021-05-12|SO|V AGa 156/20|Wyrok|https://www.saos.org.pl/judgments/456170
457418|2021-05-06|SO|III Ca 1049/20|Uzasadnienie|https://www.saos.org.pl/judgments/457418
485382|2021-04-23|SO|V ACa 424/19|Wyrok|https://www.saos.org.pl/judgments/485382
437588|2021-04-23|SO|II Ca 279/21|Wyrok|https://www.saos.org.pl/judgments/437588
449580|2021-04-13|SO|XV Ca 1396/20|Postanowienie|https://www.saos.org.pl/judgments/449580
457009|2021-04-09|SO|III Ca 2186/19|Uzasadnienie|https://www.saos.org.pl/judgments/457009
446078|2021-04-01|SO|I Ca 58/21|Postanowienie|https://www.saos.org.pl/judgments/446078
447323|2021-03-24|SO|IV Pa 10/21|Wyrok|https://www.saos.org.pl/judgments/447323
445555|2021-03-24|SO|V AGa 149/20|Wyrok|https://www.saos.org.pl/judgments/445555
457660|2021-03-19|SO|III Ca 2558/19|Uzasadnienie|https://www.saos.org.pl/judgments/457660
465306|2021-03-18|SO|II Ca 309/21|Wyrok|https://www.saos.org.pl/judgments/465306
538058|2021-03-16|SO|XII Ga 712/19|Wyrok|https://www.saos.org.pl/judgments/538058
439318|2021-03-10|SO|VIII Ua 37/20|Wyrok|https://www.saos.org.pl/judgments/439318
435295|2021-03-04|SO|III Ca 889/20|Wyrok|https://www.saos.org.pl/judgments/435295
464637|2021-03-01|SO|I ACa 435/19|Wyrok|https://www.saos.org.pl/judgments/464637
435830|2021-02-24|SO|II Ca 1023/20|Postanowienie|https://www.saos.org.pl/judgments/435830
516801|2021-02-09|SO|I ACa 1112/19|Wyrok|https://www.saos.org.pl/judgments/516801
439505|2021-02-05|SO|I ACa 536/20|Wyrok|https://www.saos.org.pl/judgments/439505
435241|2021-02-03|SO|V ACa 627/20|Wyrok|https://www.saos.org.pl/judgments/435241
430992|2021-02-01|SO|I ACa 719/20|Wyrok|https://www.saos.org.pl/judgments/430992
435509|2021-01-21|SO|I ACa 542/20|Wyrok|https://www.saos.org.pl/judgments/435509
434551|2021-01-13|SO|V ACa 226/19|Wyrok|https://www.saos.org.pl/judgments/434551
434009|2021-01-13|SO|I AGa 127/19|Wyrok|https://www.saos.org.pl/judgments/434009
430994|2021-01-12|SO|I ACa 830/19|Wyrok|https://www.saos.org.pl/judgments/430994
433383|2021-01-07|SO|I AGa 64/20|Wyrok|https://www.saos.org.pl/judgments/433383
430938|2021-01-07|SO|III AUa 325/20|Wyrok|https://www.saos.org.pl/judgments/430938
456489|2021-01-05|SO|III Ca 86/20|Uzasadnienie|https://www.saos.org.pl/judgments/456489
433378|2020-12-30|SO|I AGa 133/20|Wyrok|https://www.saos.org.pl/judgments/433378
431728|2020-12-18|SO|IV Pa 28/20|Wyrok|https://www.saos.org.pl/judgments/431728
456118|2020-12-14|SO|III Ca 2563/19|Uzasadnienie|https://www.saos.org.pl/judgments/456118
430494|2020-12-08|SO|I ACz 443/20|Postanowienie|https://www.saos.org.pl/judgments/430494
435979|2020-12-01|SO|III AUa 354/19|Wyrok|https://www.saos.org.pl/judgments/435979
544885|2020-11-24|SO|I AGa 141/20|Wyrok|https://www.saos.org.pl/judgments/544885
458553|2020-11-17|SO|I ACa 906/19|Wyrok|https://www.saos.org.pl/judgments/458553
437164|2020-11-13|SO|I ACa 455/20|Wyrok|https://www.saos.org.pl/judgments/437164
432395|2020-11-05|SO|I AGa 76/19|Wyrok|https://www.saos.org.pl/judgments/432395
435311|2020-11-02|SO|VIII Pa 38/18|Wyrok|https://www.saos.org.pl/judgments/435311
438683|2020-10-26|SO|V AGa 608/18|Wyrok|https://www.saos.org.pl/judgments/438683
468795|2020-10-21|SO|III AUa 1259/19|Wyrok|https://www.saos.org.pl/judgments/468795
443853|2020-09-30|SO|I AGa 116/19|Wyrok|https://www.saos.org.pl/judgments/443853
430340|2020-09-29|SO|XV Ca 732/20|Wyrok|https://www.saos.org.pl/judgments/430340
428735|2020-09-29|SO|III AUa 821/18|Wyrok|https://www.saos.org.pl/judgments/428735
527719|2020-09-24|SO|II Ca 1235/19|Zarządzenie|https://www.saos.org.pl/judgments/527719
449128|2020-09-23|SO|V ACa 681/19|Wyrok|https://www.saos.org.pl/judgments/449128
423492|2020-09-23|SO|III Ca 1661/18|Wyrok|https://www.saos.org.pl/judgments/423492
528565|2020-09-18|SO|II Ca 1198/19|Uzasadnienie|https://www.saos.org.pl/judgments/528565
527714|2020-09-16|SO|II Ca 1086/19|Uzasadnienie|https://www.saos.org.pl/judgments/527714
437727|2020-09-16|SO|III Ca 1564/19|Uzasadnienie|https://www.saos.org.pl/judgments/437727
529878|2020-09-15|SO|II Ca 1134/19|Zarządzenie|https://www.saos.org.pl/judgments/529878
422293|2020-09-14|SO|VIII Ua 18/20|Zarządzenie|https://www.saos.org.pl/judgments/422293
421955|2020-09-11|SO|II Ca 254/20|Postanowienie|https://www.saos.org.pl/judgments/421955
421614|2020-09-11|SO|II Ca 468/20|Wyrok|https://www.saos.org.pl/judgments/421614
428719|2020-08-27|SO|II Ca 277/19|Wyrok|https://www.saos.org.pl/judgments/428719
431193|2020-07-30|SO|II Ca 469/20|Wyrok|https://www.saos.org.pl/judgments/431193
417654|2020-07-28|SO|VIII Ga 780/19|Uzasadnienie|https://www.saos.org.pl/judgments/417654
421079|2020-07-23|SO|III AUa 228/20|Wyrok|https://www.saos.org.pl/judgments/421079
458551|2020-07-07|SO|I ACa 481/19|Wyrok|https://www.saos.org.pl/judgments/458551
437676|2020-07-03|SO|I ACa 505/20|Wyrok|https://www.saos.org.pl/judgments/437676
429210|2020-06-30|SO|I ACa 208/20|Wyrok|https://www.saos.org.pl/judgments/429210
428572|2020-06-30|SO|XV Ca 1215/19|Wyrok|https://www.saos.org.pl/judgments/428572
423856|2020-06-30|SO|III AUa 870/18|Wyrok|https://www.saos.org.pl/judgments/423856
420793|2020-06-29|SO|V ACa 291/19|Wyrok|https://www.saos.org.pl/judgments/420793
419224|2020-06-19|SO|I ACa 291/20|Wyrok|https://www.saos.org.pl/judgments/419224
417921|2020-06-19|SO|I ACa 689/19|Wyrok|https://www.saos.org.pl/judgments/417921
426326|2020-06-16|SO|I ACa 2/20|Wyrok|https://www.saos.org.pl/judgments/426326
426462|2020-05-18|SO|VII AGa 1614/18|Wyrok|https://www.saos.org.pl/judgments/426462
413969|2020-05-08|SO|IV Ns 48/20|Postanowienie|https://www.saos.org.pl/judgments/413969
413734|2020-04-30|SO|VIII Ga 15/20|Uzasadnienie|https://www.saos.org.pl/judgments/413734
462341|2020-04-24|SO|III AUa 1618/19|Wyrok|https://www.saos.org.pl/judgments/462341
418290|2020-04-23|SO|III AUa 189/20|Wyrok|https://www.saos.org.pl/judgments/418290
423296|2020-04-16|SO|III Cz 383/20|Postanowienie|https://www.saos.org.pl/judgments/423296
423288|2020-04-16|SO|III Cz 1338/19|Postanowienie|https://www.saos.org.pl/judgments/423288
445957|2020-03-31|SO|V ACa 73/20|Wyrok|https://www.saos.org.pl/judgments/445957
529886|2020-03-30|SO|II Ca 254/20|Uzasadnienie|https://www.saos.org.pl/judgments/529886
463150|2020-03-20|SO|I AGa 27/19|Wyrok|https://www.saos.org.pl/judgments/463150
408974|2020-03-11|SO|VIII Gz 18/20|Postanowienie|https://www.saos.org.pl/judgments/408974
529489|2020-03-09|SO|II Ca 1740/19|Uzasadnienie|https://www.saos.org.pl/judgments/529489
417286|2020-03-05|SO|I ACa 251/19|Wyrok|https://www.saos.org.pl/judgments/417286
422627|2020-02-27|SO|III Ca 1616/18|Postanowienie|https://www.saos.org.pl/judgments/422627
529493|2020-02-21|SO|II Ca 586/19|Zarządzenie|https://www.saos.org.pl/judgments/529493
411130|2020-02-18|SO|I AGa 45/19|Wyrok|https://www.saos.org.pl/judgments/411130
481977|2020-02-13|SO|V AGa 105/19|Wyrok|https://www.saos.org.pl/judgments/481977
407264|2020-02-12|SO|V ACa 233/19|Wyrok|https://www.saos.org.pl/judgments/407264
419176|2020-01-31|SO|VII AGa 460/19|Wyrok|https://www.saos.org.pl/judgments/419176
408152|2020-01-23|SO|I ACa 313/19|Wyrok|https://www.saos.org.pl/judgments/408152
529490|2020-01-17|SO|II Ca 257/19|Zarządzenie|https://www.saos.org.pl/judgments/529490
530085|2020-01-15|SO|II Ca 689/19|Zarządzenie|https://www.saos.org.pl/judgments/530085
416647|2020-01-15|SO|IV Ca 794/19|Wyrok|https://www.saos.org.pl/judgments/416647
404944|2020-01-09|SO|V ACa 470/19|Wyrok|https://www.saos.org.pl/judgments/404944
407142|2019-12-19|SO|VI ACa 312/19|Wyrok|https://www.saos.org.pl/judgments/407142
403230|2019-12-13|SO|VIII Ga 498/19|Uzasadnienie|https://www.saos.org.pl/judgments/403230
529067|2019-12-09|SO|II Ca 638/19|Zarządzenie|https://www.saos.org.pl/judgments/529067
436748|2019-12-05|SO|I ACa 398/19|Wyrok|https://www.saos.org.pl/judgments/436748
407671|2019-12-04|SO|III APa 10/19|Wyrok|https://www.saos.org.pl/judgments/407671
399471|2019-12-03|SO|I ACa 549/18|Wyrok|https://www.saos.org.pl/judgments/399471
403290|2019-11-28|SO|VIII Ga 403/18|Uzasadnienie|https://www.saos.org.pl/judgments/403290
397843|2019-11-13|SO|VI RCa 151/19|Wyrok|https://www.saos.org.pl/judgments/397843
415208|2019-11-04|SO|III Ca 528/19|Uzasadnienie|https://www.saos.org.pl/judgments/415208
416885|2019-10-31|SO|VI ACa 91/19|Wyrok|https://www.saos.org.pl/judgments/416885
407866|2019-10-28|SO|I AGa 19/18|Wyrok|https://www.saos.org.pl/judgments/407866
395550|2019-10-23|SO|IX Ca 705/19|Postanowienie|https://www.saos.org.pl/judgments/395550
402195|2019-10-21|SO|I Ca 514/19|Uzasadnienie|https://www.saos.org.pl/judgments/402195
472983|2019-10-01|SO|I ACa 52/19|Wyrok|https://www.saos.org.pl/judgments/472983
397704|2019-09-30|SO|I Ca 322/19|Postanowienie|https://www.saos.org.pl/judgments/397704
397167|2019-09-30|SO|II Ca 769/19|Wyrok|https://www.saos.org.pl/judgments/397167
407594|2019-09-27|SO|I ACa 843/18|Wyrok|https://www.saos.org.pl/judgments/407594
407544|2019-09-25|SO|I ACa 578/19|Wyrok|https://www.saos.org.pl/judgments/407544
394811|2019-09-18|SO|I ACa 553/18|Wyrok|https://www.saos.org.pl/judgments/394811
394331|2019-09-18|SO|II Ca 1017/18|Postanowienie|https://www.saos.org.pl/judgments/394331
397263|2019-09-12|SO|III APa 7/19|Wyrok|https://www.saos.org.pl/judgments/397263
396815|2019-09-05|SO|I ACa 352/18|Wyrok|https://www.saos.org.pl/judgments/396815
395147|2019-09-05|SO|III Cz 365/19|Postanowienie|https://www.saos.org.pl/judgments/395147
396330|2019-08-28|SO|III Ca 1197/18|Wyrok|https://www.saos.org.pl/judgments/396330
394871|2019-08-12|SO|III Ca 274/19|Uzasadnienie|https://www.saos.org.pl/judgments/394871
426844|2019-08-06|SO|V ACa 147/18|Wyrok|https://www.saos.org.pl/judgments/426844
394398|2019-08-01|SO|IV Ca 107/19|Postanowienie|https://www.saos.org.pl/judgments/394398
395752|2019-07-31|SO|III Ca 223/19|Uzasadnienie|https://www.saos.org.pl/judgments/395752
393515|2019-07-26|SO|I ACa 147/19|Wyrok|https://www.saos.org.pl/judgments/393515
426851|2019-07-17|SO|V ACa 80/18|Wyrok|https://www.saos.org.pl/judgments/426851
394279|2019-07-12|SO|VIII Ga 389/18|Uzasadnienie|https://www.saos.org.pl/judgments/394279
389165|2019-07-11|SO|V ACa 478/18|Wyrok|https://www.saos.org.pl/judgments/389165
446625|2019-07-10|SO|VI Ca 334/19|Postanowienie|https://www.saos.org.pl/judgments/446625
389509|2019-07-09|SO|VIII Gz 87/19|Postanowienie|https://www.saos.org.pl/judgments/389509
389244|2019-07-08|SO|V ACa 138/19|Wyrok|https://www.saos.org.pl/judgments/389244
391410|2019-07-01|SO|III Ca 2080/18|Uzasadnienie|https://www.saos.org.pl/judgments/391410
392005|2019-06-28|SO|III Ca 1893/18|Uzasadnienie|https://www.saos.org.pl/judgments/392005
392850|2019-06-27|SO|V ACa 123/19|Wyrok|https://www.saos.org.pl/judgments/392850
416841|2019-06-24|SO|I ACa 194/19|Wyrok|https://www.saos.org.pl/judgments/416841
386406|2019-06-18|SO|IX Ca 144/19|Wyrok|https://www.saos.org.pl/judgments/386406
390531|2019-06-17|SO|I ACa 105/19|Wyrok|https://www.saos.org.pl/judgments/390531
392700|2019-06-12|SO|VII AGa 1230/18|Wyrok|https://www.saos.org.pl/judgments/392700
386005|2019-06-11|SO|VIII Pa 28/19|Uzasadnienie|https://www.saos.org.pl/judgments/386005
389826|2019-06-05|SO|VII AGa 923/18|Wyrok|https://www.saos.org.pl/judgments/389826
386105|2019-06-03|SO|VIII Ga 239/18|Uzasadnienie|https://www.saos.org.pl/judgments/386105
385534|2019-06-03|SO|III AUa 301/18|Wyrok|https://www.saos.org.pl/judgments/385534
427730|2019-05-29|SO|I ACa 791/18|Wyrok|https://www.saos.org.pl/judgments/427730
392124|2019-05-29|SO|I ACa 193/19|Wyrok|https://www.saos.org.pl/judgments/392124
387714|2019-05-24|SO|V ACa 420/18|Wyrok|https://www.saos.org.pl/judgments/387714
382320|2019-05-17|SO|VIII Pa 282/18|Uzasadnienie|https://www.saos.org.pl/judgments/382320
383112|2019-05-13|SO|I ACa 1478/15|Wyrok|https://www.saos.org.pl/judgments/383112
395647|2019-05-09|SO|III Ca 1373/18|Postanowienie|https://www.saos.org.pl/judgments/395647
427714|2019-04-29|SO|I ACa 581/18|Wyrok|https://www.saos.org.pl/judgments/427714
416755|2019-04-15|SO|V ACa 40/18|Wyrok|https://www.saos.org.pl/judgments/416755
383601|2019-04-15|SO|V ACa 485/18|Wyrok|https://www.saos.org.pl/judgments/383601
394906|2019-04-12|SO|VI ACa 31/19|Wyrok|https://www.saos.org.pl/judgments/394906
388181|2019-04-12|SO|VIII Ua 2/19|Postanowienie|https://www.saos.org.pl/judgments/388181
381878|2019-04-11|SO|VIII Gz 54/19|Postanowienie|https://www.saos.org.pl/judgments/381878
380194|2019-04-05|SO|VII AGa 502/18|Wyrok|https://www.saos.org.pl/judgments/380194
381327|2019-04-03|SO|XXI Pa 546/18|Wyrok|https://www.saos.org.pl/judgments/381327
455746|2019-04-01|SO|V ACa 148/19|Wyrok|https://www.saos.org.pl/judgments/455746
391464|2019-04-01|SO|VI ACa 104/19|Wyrok|https://www.saos.org.pl/judgments/391464
380315|2019-03-28|SO|VIII Gz 23/19|Postanowienie|https://www.saos.org.pl/judgments/380315
387964|2019-03-27|SO|III Ca 1860/18|Uzasadnienie|https://www.saos.org.pl/judgments/387964
403883|2019-03-26|SO|I ACa 57/18|Wyrok|https://www.saos.org.pl/judgments/403883
386514|2019-03-26|SO|VI ACa 180/19|Wyrok|https://www.saos.org.pl/judgments/386514
376641|2019-03-21|SO|I AGa 156/18|Wyrok|https://www.saos.org.pl/judgments/376641
380264|2019-03-20|SO|VIII Ga 214/18|Uzasadnienie|https://www.saos.org.pl/judgments/380264
377503|2019-03-15|SO|I Ca 54/19|Wyrok|https://www.saos.org.pl/judgments/377503
389668|2019-03-14|SO|II Ca 719/18|Wyrok|https://www.saos.org.pl/judgments/389668
375525|2019-03-14|SO|IX Ca 353/18|Postanowienie|https://www.saos.org.pl/judgments/375525
378964|2019-03-07|SO|III Cz 1677/18|Postanowienie|https://www.saos.org.pl/judgments/378964
376376|2019-03-07|SO|I ACa 1810/17|Wyrok|https://www.saos.org.pl/judgments/376376
387323|2019-03-06|SO|III Ca 1768/18|Uzasadnienie|https://www.saos.org.pl/judgments/387323
382669|2019-03-06|SO|III Ca 1082/18|Wyrok|https://www.saos.org.pl/judgments/382669
385380|2019-03-01|SO|III Ca 1631/18|Uzasadnienie|https://www.saos.org.pl/judgments/385380
393351|2019-02-28|SO|I ACa 715/18|Wyrok|https://www.saos.org.pl/judgments/393351
376586|2019-02-28|SO|I ACa 846/18|Wyrok|https://www.saos.org.pl/judgments/376586
395480|2019-02-25|SO|I ACa 176/18|Wyrok|https://www.saos.org.pl/judgments/395480
376302|2019-02-22|SO|I ACa 1079/18|Wyrok|https://www.saos.org.pl/judgments/376302
542738|2019-02-21|SO|V Pa 110/18|Wyrok|https://www.saos.org.pl/judgments/542738
382052|2019-02-21|SO|VIII Pa 28/18|Wyrok|https://www.saos.org.pl/judgments/382052
495023|2019-02-20|SO|I AGa 298/18|Wyrok|https://www.saos.org.pl/judgments/495023
373948|2019-02-20|SO|I ACa 586/18|Wyrok|https://www.saos.org.pl/judgments/373948
386274|2019-02-18|SO|VI ACa 5/19|Wyrok|https://www.saos.org.pl/judgments/386274
378751|2019-02-15|SO|III Ca 1429/18|Wyrok|https://www.saos.org.pl/judgments/378751
395258|2019-02-14|SO|I ACa 358/18|Wyrok|https://www.saos.org.pl/judgments/395258
373943|2019-02-13|SO|I ACa 517/18|Wyrok|https://www.saos.org.pl/judgments/373943
378898|2019-02-05|SO|III Ca 2052/18|Uzasadnienie|https://www.saos.org.pl/judgments/378898
378911|2019-01-29|SO|III Ca 343/18|Wyrok|https://www.saos.org.pl/judgments/378911
428152|2019-01-24|SO|II Ca 887/18|Wyrok|https://www.saos.org.pl/judgments/428152
380165|2019-01-23|SO|VII AGa 1005/18|Wyrok|https://www.saos.org.pl/judgments/380165
372504|2019-01-16|SO|V ACa 21/18|Wyrok|https://www.saos.org.pl/judgments/372504
375295|2018-12-31|SO|I Ca 363/18|Wyrok|https://www.saos.org.pl/judgments/375295
368221|2018-12-31|SO|V ACa 1263/17|Wyrok|https://www.saos.org.pl/judgments/368221
373536|2018-12-28|SO|III Ca 2008/18|Uzasadnienie|https://www.saos.org.pl/judgments/373536
373421|2018-12-24|SO|III Ca 1365/18|Uzasadnienie|https://www.saos.org.pl/judgments/373421
394464|2018-12-21|SO|I ACa 233/18|Wyrok|https://www.saos.org.pl/judgments/394464
373122|2018-12-21|SO|III Ca 118/18|Uzasadnienie|https://www.saos.org.pl/judgments/373122
375778|2018-12-20|SO|VII Pa 125/18|Wyrok|https://www.saos.org.pl/judgments/375778
416286|2018-12-19|SO|I ACa 226/18|Wyrok|https://www.saos.org.pl/judgments/416286
372084|2018-12-19|SO|VIII Ga 172/18|Uzasadnienie|https://www.saos.org.pl/judgments/372084
385248|2018-12-18|SO|XV Ca 520/18|Postanowienie|https://www.saos.org.pl/judgments/385248
365619|2018-12-11|SO|IV Ca 492/18|Uzasadnienie|https://www.saos.org.pl/judgments/365619
368530|2018-12-10|SO|VIII Ua 64/18|Uzasadnienie|https://www.saos.org.pl/judgments/368530
380189|2018-12-07|SO|VII AGa 453/18|Wyrok|https://www.saos.org.pl/judgments/380189
380188|2018-12-07|SO|VII AGa 436/18|Wyrok|https://www.saos.org.pl/judgments/380188
368405|2018-12-04|SO|VIII Pa 139/18|Uzasadnienie|https://www.saos.org.pl/judgments/368405
375465|2018-11-30|SO|IV Ca 1627/17|Postanowienie|https://www.saos.org.pl/judgments/375465
365296|2018-11-29|SO|IV Ca 610/18|Wyrok|https://www.saos.org.pl/judgments/365296
389303|2018-11-28|SO|I ACa 210/18|Wyrok|https://www.saos.org.pl/judgments/389303
367175|2018-11-26|SO|II Ca 729/18|Wyrok|https://www.saos.org.pl/judgments/367175
369809|2018-11-23|SO|VIII Gz 235/18|Postanowienie|https://www.saos.org.pl/judgments/369809
366165|2018-11-21|SO|III Ca 632/18|Uzasadnienie|https://www.saos.org.pl/judgments/366165
364694|2018-11-15|SO|V AGa 665/18|Wyrok|https://www.saos.org.pl/judgments/364694
364853|2018-11-07|SO|IX Ca 632/18|Postanowienie|https://www.saos.org.pl/judgments/364853
365100|2018-10-31|SO|III Ca 945/17|Uzasadnienie|https://www.saos.org.pl/judgments/365100
366569|2018-10-30|SO|VIII Ga 121/18|Uzasadnienie|https://www.saos.org.pl/judgments/366569
368389|2018-10-25|SO|V ACa 663/17|Wyrok|https://www.saos.org.pl/judgments/368389
376614|2018-10-19|SO|I ACz 732/18|Postanowienie|https://www.saos.org.pl/judgments/376614
432849|2018-10-18|SO|I AGa 129/18|Wyrok|https://www.saos.org.pl/judgments/432849
369949|2018-10-17|SO|I AGa 158/18|Wyrok|https://www.saos.org.pl/judgments/369949
371352|2018-10-16|SO|I AGa 233/18|Wyrok|https://www.saos.org.pl/judgments/371352
399758|2018-10-12|SO|I ACz 1087/18|Postanowienie|https://www.saos.org.pl/judgments/399758
424971|2018-10-11|SO|V ACa 236/17|Wyrok|https://www.saos.org.pl/judgments/424971
363442|2018-10-10|SO|III Ca 1024/18|Uzasadnienie|https://www.saos.org.pl/judgments/363442
391466|2018-10-08|SO|VI ACa 420/17|Wyrok|https://www.saos.org.pl/judgments/391466
376587|2018-10-08|SO|I ACa 850/17|Wyrok|https://www.saos.org.pl/judgments/376587
371686|2018-10-08|SO|I AGa 110/18|Wyrok|https://www.saos.org.pl/judgments/371686
360024|2018-10-05|SO|IV Pa 49/18|Wyrok|https://www.saos.org.pl/judgments/360024
368204|2018-10-03|SO|III AUa 243/17|Wyrok|https://www.saos.org.pl/judgments/368204
357102|2018-10-03|SO|I ACz 1034/18|Postanowienie|https://www.saos.org.pl/judgments/357102
523524|2018-09-27|SO|II Ca 474/18|Postanowienie|https://www.saos.org.pl/judgments/523524
438053|2018-09-27|SO|I ACa 461/17|Wyrok|https://www.saos.org.pl/judgments/438053
361917|2018-09-27|SO|III Ca 964/18|Uzasadnienie|https://www.saos.org.pl/judgments/361917
364391|2018-09-26|SO|I ACa 241/18|Wyrok|https://www.saos.org.pl/judgments/364391
361911|2018-09-25|SO|III Ca 869/18|Uzasadnienie|https://www.saos.org.pl/judgments/361911
361305|2018-09-25|SO|III Ca 389/17|Postanowienie|https://www.saos.org.pl/judgments/361305
360480|2018-09-24|SO|III Ca 534/18|Uzasadnienie|https://www.saos.org.pl/judgments/360480
428683|2018-09-19|SO|I AGa 211/18|Wyrok|https://www.saos.org.pl/judgments/428683
381597|2018-09-18|SO|XV Ca 990/18|Postanowienie|https://www.saos.org.pl/judgments/381597
451475|2018-09-13|SO|III AUa 548/18|Wyrok|https://www.saos.org.pl/judgments/451475
376134|2018-09-06|SO|VII Ua 62/18|Wyrok|https://www.saos.org.pl/judgments/376134
359388|2018-09-05|SO|III Ca 801/18|Uzasadnienie|https://www.saos.org.pl/judgments/359388
356809|2018-09-04|SO|VII AGa 769/18|Wyrok|https://www.saos.org.pl/judgments/356809
356678|2018-08-30|SO|I ACa 597/17|Wyrok|https://www.saos.org.pl/judgments/356678
376122|2018-08-23|SO|VII Ua 36/18|Wyrok|https://www.saos.org.pl/judgments/376122
358060|2018-08-17|SO|III Ca 863/18|Uzasadnienie|https://www.saos.org.pl/judgments/358060
375468|2018-08-14|SO|IV Ca 1946/16|Wyrok|https://www.saos.org.pl/judgments/375468
356450|2018-08-09|SO|III Ca 550/18|Uzasadnienie|https://www.saos.org.pl/judgments/356450
356486|2018-08-06|SO|III Ca 798/18|Uzasadnienie|https://www.saos.org.pl/judgments/356486
356465|2018-08-03|SO|III Ca 671/18|Uzasadnienie|https://www.saos.org.pl/judgments/356465
349779|2018-07-26|SO|V ACa 640/17|Wyrok|https://www.saos.org.pl/judgments/349779
349095|2018-07-20|SO|V ACa 1384/17|Wyrok|https://www.saos.org.pl/judgments/349095
360444|2018-07-19|SO|II Ca 128/18|Postanowienie|https://www.saos.org.pl/judgments/360444
363934|2018-07-17|SO|III Ca 437/18|Wyrok|https://www.saos.org.pl/judgments/363934
427744|2018-07-13|SO|I ACa 977/17|Wyrok|https://www.saos.org.pl/judgments/427744
352174|2018-07-10|SO|III Ca 619/18|Uzasadnienie|https://www.saos.org.pl/judgments/352174
352172|2018-07-10|SO|III Ca 618/18|Uzasadnienie|https://www.saos.org.pl/judgments/352172
352170|2018-07-10|SO|III Ca 617/18|Uzasadnienie|https://www.saos.org.pl/judgments/352170
357092|2018-07-09|SO|I ACa 30/18|Wyrok|https://www.saos.org.pl/judgments/357092
347460|2018-07-05|SO|IX Ca 272/18|Postanowienie|https://www.saos.org.pl/judgments/347460
351843|2018-07-03|SO|III Cz 527/18|Postanowienie|https://www.saos.org.pl/judgments/351843
350996|2018-06-28|SO|VIII Gz 101/18|Postanowienie|https://www.saos.org.pl/judgments/350996
449217|2018-06-27|SO|II Ca 471/18|Postanowienie|https://www.saos.org.pl/judgments/449217
360092|2018-06-21|SO|I Ca 131/18|Postanowienie|https://www.saos.org.pl/judgments/360092
349987|2018-06-21|SO|III AUa 623/17|Wyrok|https://www.saos.org.pl/judgments/349987
355348|2018-06-20|SO|V ACa 1277/17|Wyrok|https://www.saos.org.pl/judgments/355348
366004|2018-06-19|SO|I ACa 144/18|Wyrok|https://www.saos.org.pl/judgments/366004
346459|2018-06-18|SO|I ACa 132/17|Wyrok|https://www.saos.org.pl/judgments/346459
347310|2018-06-13|SO|III Ca 746/17|Postanowienie|https://www.saos.org.pl/judgments/347310
345428|2018-06-08|SO|VIII Ga 46/18|Uzasadnienie|https://www.saos.org.pl/judgments/345428
344121|2018-06-07|SO|IX Ca 1270/17|Postanowienie|https://www.saos.org.pl/judgments/344121
351027|2018-05-30|SO|I ACa 1504/17|Wyrok|https://www.saos.org.pl/judgments/351027
348214|2018-05-30|SO|I AGa 115/18|Wyrok|https://www.saos.org.pl/judgments/348214
379890|2018-05-21|SO|VI ACa 1498/15|Wyrok|https://www.saos.org.pl/judgments/379890
344867|2018-05-18|SO|VIII Ga 296/17|Uzasadnienie|https://www.saos.org.pl/judgments/344867
345896|2018-05-17|SO|III Ca 2014/17|Wyrok|https://www.saos.org.pl/judgments/345896
342064|2018-05-09|SO|VIII Pa 36/18|Uzasadnienie|https://www.saos.org.pl/judgments/342064
350376|2018-04-27|SO|III Ca 82/18|Uzasadnienie|https://www.saos.org.pl/judgments/350376
344369|2018-04-27|SO|I ACa 1296/17|Wyrok|https://www.saos.org.pl/judgments/344369
342135|2018-04-23|SO|VIII Ua 7/18|Uzasadnienie|https://www.saos.org.pl/judgments/342135
342057|2018-04-23|SO|VIII Pa 12/18|Uzasadnienie|https://www.saos.org.pl/judgments/342057
350641|2018-04-20|SO|IX Ga 549/17|Wyrok|https://www.saos.org.pl/judgments/350641
350374|2018-04-20|SO|III Ca 8/18|Uzasadnienie|https://www.saos.org.pl/judgments/350374
452211|2018-04-13|SO|V ACa 369/17|Wyrok|https://www.saos.org.pl/judgments/452211
362262|2018-04-13|SO|V AGa 84/18|Wyrok|https://www.saos.org.pl/judgments/362262
340231|2018-04-12|SO|III Ca 2140/17|Postanowienie|https://www.saos.org.pl/judgments/340231
374668|2018-04-10|SO|VII Pa 33/18|Wyrok|https://www.saos.org.pl/judgments/374668
339994|2018-04-05|SO|V Ua 43/17|Wyrok|https://www.saos.org.pl/judgments/339994
359209|2018-03-28|SO|I ACa 965/17|Wyrok|https://www.saos.org.pl/judgments/359209
350200|2018-03-28|SO|III Ca 1996/17|Uzasadnienie|https://www.saos.org.pl/judgments/350200
427667|2018-03-27|SO|I ACa 1013/17|Wyrok|https://www.saos.org.pl/judgments/427667
338316|2018-03-27|SO|III Ca 71/17|Postanowienie|https://www.saos.org.pl/judgments/338316
336423|2018-03-26|SO|V AGa 94/18|Wyrok|https://www.saos.org.pl/judgments/336423
334115|2018-03-26|SO|VIII Pa 216/17|Uzasadnienie|https://www.saos.org.pl/judgments/334115
341800|2018-03-22|SO|I ACa 1215/17|Wyrok|https://www.saos.org.pl/judgments/341800
349780|2018-03-21|SO|V ACa 823/16|Wyrok|https://www.saos.org.pl/judgments/349780
335604|2018-03-16|SO|I ACa 936/17|Wyrok|https://www.saos.org.pl/judgments/335604
364337|2018-03-15|SO|VII AGa 220/18|Wyrok|https://www.saos.org.pl/judgments/364337
344382|2018-03-15|SO|I ACa 2192/16|Wyrok|https://www.saos.org.pl/judgments/344382
338409|2018-03-15|SO|I ACa 510/17|Wyrok|https://www.saos.org.pl/judgments/338409
342376|2018-03-08|SO|V ACa 1126/17|Wyrok|https://www.saos.org.pl/judgments/342376
336592|2018-03-08|SO|III Ca 1927/17|Wyrok|https://www.saos.org.pl/judgments/336592
348610|2018-03-07|SO|III Ca 1812/17|Uzasadnienie|https://www.saos.org.pl/judgments/348610
334420|2018-03-01|SO|II Ca 940/17|Wyrok|https://www.saos.org.pl/judgments/334420
335723|2018-02-28|SO|VIII Ga 247/17|Uzasadnienie|https://www.saos.org.pl/judgments/335723
335062|2018-02-28|SO|III AUa 745/17|Wyrok|https://www.saos.org.pl/judgments/335062
333638|2018-02-27|SO|III Ca 1359/16|Postanowienie|https://www.saos.org.pl/judgments/333638
339129|2018-02-23|SO|VII AGa 174/18|Wyrok|https://www.saos.org.pl/judgments/339129
335118|2018-02-23|SO|VIII Ga 16/18|Wyrok|https://www.saos.org.pl/judgments/335118
330374|2018-02-23|SO|VIII Gz 464/17|Postanowienie|https://www.saos.org.pl/judgments/330374
338548|2018-02-21|SO|I ACa 400/17|Wyrok|https://www.saos.org.pl/judgments/338548
341151|2018-02-16|SO|III Ca 1683/17|Uzasadnienie|https://www.saos.org.pl/judgments/341151
329075|2018-02-15|SO|VIII Pa 268/17|Uzasadnienie|https://www.saos.org.pl/judgments/329075
340193|2018-02-13|SO|III Ca 1527/17|Uzasadnienie|https://www.saos.org.pl/judgments/340193
337026|2018-02-13|SO|III AUa 15/18|Wyrok|https://www.saos.org.pl/judgments/337026
332514|2018-02-13|SO|VII Pa 11/18|Wyrok|https://www.saos.org.pl/judgments/332514
345417|2018-02-09|SO|VI ACa 1495/17|Wyrok|https://www.saos.org.pl/judgments/345417
516827|2018-02-08|SO|II Ca 17/18|Postanowienie|https://www.saos.org.pl/judgments/516827
341105|2018-02-08|SO|III Ca 1193/17|Uzasadnienie|https://www.saos.org.pl/judgments/341105
331145|2018-02-07|SO|I Ca 562/17|Wyrok|https://www.saos.org.pl/judgments/331145
366481|2018-02-06|SO|V ACa 1040/17|Wyrok|https://www.saos.org.pl/judgments/366481
355839|2018-02-06|SO|I ACa 799/17|Wyrok|https://www.saos.org.pl/judgments/355839
331705|2018-02-06|SO|VII Pa 164/17|Wyrok|https://www.saos.org.pl/judgments/331705
361198|2018-02-02|SO|XV Ca 945/17|Postanowienie|https://www.saos.org.pl/judgments/361198
330087|2018-02-01|SO|I ACa 824/17|Wyrok|https://www.saos.org.pl/judgments/330087
336268|2018-01-31|SO|I ACa 1484/17|Wyrok|https://www.saos.org.pl/judgments/336268
334416|2018-01-31|SO|II Ca 883/17|Postanowienie|https://www.saos.org.pl/judgments/334416
333848|2018-01-31|SO|III AUa 839/16|Wyrok|https://www.saos.org.pl/judgments/333848
334938|2018-01-30|SO|VIII Ga 208/17|Uzasadnienie|https://www.saos.org.pl/judgments/334938
331615|2018-01-30|SO|III Ca 1043/17|Postanowienie|https://www.saos.org.pl/judgments/331615
328685|2018-01-30|SO|VII Pa 4/18|Wyrok|https://www.saos.org.pl/judgments/328685
327608|2018-01-30|SO|IX Ca 921/17|Wyrok|https://www.saos.org.pl/judgments/327608
346941|2018-01-26|SO|V AGa 19/18|Wyrok|https://www.saos.org.pl/judgments/346941
336967|2018-01-25|SO|I Ca 247/17|Wyrok|https://www.saos.org.pl/judgments/336967
339136|2018-01-24|SO|VII AGa 63/18|Wyrok|https://www.saos.org.pl/judgments/339136
328724|2018-01-23|SO|I ACa 725/17|Wyrok|https://www.saos.org.pl/judgments/328724
393877|2018-01-18|SO|VI Pa 106/17|Wyrok|https://www.saos.org.pl/judgments/393877
328019|2018-01-18|SO|V AGa 44/18|Wyrok|https://www.saos.org.pl/judgments/328019
338913|2018-01-17|SO|III Ca 1151/17|Uzasadnienie|https://www.saos.org.pl/judgments/338913
339564|2018-01-12|SO|III Ca 1528/17|Uzasadnienie|https://www.saos.org.pl/judgments/339564
338660|2018-01-11|SO|III Ca 1525/17|Uzasadnienie|https://www.saos.org.pl/judgments/338660
329606|2018-01-11|SO|V ACa 1019/17|Wyrok|https://www.saos.org.pl/judgments/329606
336050|2018-01-10|SO|I ACz 2184/17|Postanowienie|https://www.saos.org.pl/judgments/336050
328800|2018-01-05|SO|III Ca 1480/17|Uzasadnienie|https://www.saos.org.pl/judgments/328800
325038|2018-01-05|SO|I ACa 545/17|Wyrok|https://www.saos.org.pl/judgments/325038
328946|2017-12-28|SO|III Cz 1667/17|Postanowienie|https://www.saos.org.pl/judgments/328946
327463|2017-12-28|SO|I ACa 761/17|Wyrok|https://www.saos.org.pl/judgments/327463
328496|2017-12-21|SO|VIII Ga 250/17|Uzasadnienie|https://www.saos.org.pl/judgments/328496
326521|2017-12-20|SO|VI Ua 31/17|Wyrok|https://www.saos.org.pl/judgments/326521
373312|2017-12-18|SO|II Ca 1316/17|Wyrok|https://www.saos.org.pl/judgments/373312
321947|2017-12-18|SO|IX Ca 857/17|Wyrok|https://www.saos.org.pl/judgments/321947
322655|2017-12-15|SO|VI Pa 136/17|Wyrok|https://www.saos.org.pl/judgments/322655
330784|2017-12-13|SO|II Ca 676/17|Wyrok|https://www.saos.org.pl/judgments/330784
331187|2017-12-12|SO|VII Ua 81/17|Wyrok|https://www.saos.org.pl/judgments/331187
325219|2017-12-11|SO|III Ca 1247/17|Uzasadnienie|https://www.saos.org.pl/judgments/325219
329703|2017-12-08|SO|I ACa 522/17|Wyrok|https://www.saos.org.pl/judgments/329703
335928|2017-12-07|SO|I ACz 2098/17|Postanowienie|https://www.saos.org.pl/judgments/335928
325717|2017-12-07|SO|III Ca 1132/17|Uzasadnienie|https://www.saos.org.pl/judgments/325717
320911|2017-12-07|SO|XXI Pa 569/17|Wyrok|https://www.saos.org.pl/judgments/320911
334964|2017-12-06|SO|I Ca 496/16|Postanowienie|https://www.saos.org.pl/judgments/334964
319126|2017-12-05|SO|III AUa 361/17|Wyrok|https://www.saos.org.pl/judgments/319126
323902|2017-12-04|SO|III Ca 938/17|Uzasadnienie|https://www.saos.org.pl/judgments/323902
359766|2017-11-30|SO|II Ca 1085/17|Postanowienie|https://www.saos.org.pl/judgments/359766
331086|2017-11-30|SO|VII Pa 132/17|Wyrok|https://www.saos.org.pl/judgments/331086
330070|2017-11-30|SO|I ACa 126/17|Wyrok|https://www.saos.org.pl/judgments/330070
318526|2017-11-30|SO|VIII Gz 186/17|Postanowienie|https://www.saos.org.pl/judgments/318526
324779|2017-11-22|SO|III Ca 967/17|Uzasadnienie|https://www.saos.org.pl/judgments/324779
385497|2017-11-21|SO|I ACa 120/17|Wyrok|https://www.saos.org.pl/judgments/385497
346314|2017-11-21|SO|XV Ca 232/17|Postanowienie|https://www.saos.org.pl/judgments/346314
430538|2017-11-17|SO|II Ca 388/17|Wyrok|https://www.saos.org.pl/judgments/430538
327239|2017-11-16|SO|III Ca 1275/17|Postanowienie|https://www.saos.org.pl/judgments/327239
321682|2017-11-16|SO|V ACa 198/17|Wyrok|https://www.saos.org.pl/judgments/321682
318344|2017-11-15|SO|I Ca 341/17|Wyrok|https://www.saos.org.pl/judgments/318344
323775|2017-11-09|SO|III Ca 1298/17|Uzasadnienie|https://www.saos.org.pl/judgments/323775
317634|2017-11-09|SO|V ACa 225/17|Wyrok|https://www.saos.org.pl/judgments/317634
316906|2017-11-09|SO|VIII Gz 167/17|Postanowienie|https://www.saos.org.pl/judgments/316906
344238|2017-11-07|SO|I ACa 65/17|Wyrok|https://www.saos.org.pl/judgments/344238
322108|2017-11-07|SO|II Ca 787/17|Postanowienie|https://www.saos.org.pl/judgments/322108
320923|2017-11-07|SO|I ACa 785/16|Wyrok|https://www.saos.org.pl/judgments/320923
323708|2017-11-06|SO|III Ca 1099/17|Uzasadnienie|https://www.saos.org.pl/judgments/323708
321334|2017-10-30|SO|III Ca 871/17|Uzasadnienie|https://www.saos.org.pl/judgments/321334
312531|2017-10-30|SO|VIII Gz 151/17|Uzasadnienie|https://www.saos.org.pl/judgments/312531
317104|2017-10-27|SO|V ACa 39/17|Wyrok|https://www.saos.org.pl/judgments/317104
310839|2017-10-26|SO|V Ca 129/17|Wyrok|https://www.saos.org.pl/judgments/310839
417670|2017-10-25|SO|I ACa 395/17|Wyrok|https://www.saos.org.pl/judgments/417670
341025|2017-10-24|SO|XV Ca 567/17|Postanowienie|https://www.saos.org.pl/judgments/341025
323688|2017-10-24|SO|III Ca 1040/17|Wyrok|https://www.saos.org.pl/judgments/323688
334309|2017-10-19|SO|V ACa 639/16|Wyrok|https://www.saos.org.pl/judgments/334309
319210|2017-10-19|SO|III Ca 787/17|Uzasadnienie|https://www.saos.org.pl/judgments/319210
334765|2017-10-18|SO|I ACa 259/17|Wyrok|https://www.saos.org.pl/judgments/334765
319924|2017-10-18|SO|III Ca 1098/16|Uzasadnienie|https://www.saos.org.pl/judgments/319924
310761|2017-10-17|SO|II Ca 1097/16|Postanowienie|https://www.saos.org.pl/judgments/310761
308456|2017-10-13|SO|VIII Ga 327/17|Zarządzenie|https://www.saos.org.pl/judgments/308456
319075|2017-10-12|SO|II Ca 209/17|Wyrok|https://www.saos.org.pl/judgments/319075
315331|2017-10-05|SO|II Ca 363/17|Wyrok|https://www.saos.org.pl/judgments/315331
319228|2017-10-03|SO|III Ca 882/17|Wyrok|https://www.saos.org.pl/judgments/319228
315246|2017-10-03|SO|XXIII Ga 978/17|Wyrok|https://www.saos.org.pl/judgments/315246
307544|2017-09-29|SO|VIII Gz 145/17|Postanowienie|https://www.saos.org.pl/judgments/307544
307857|2017-09-28|SO|IX Ca 443/17|Wyrok|https://www.saos.org.pl/judgments/307857
308158|2017-09-26|SO|III Ca 687/17|Uzasadnienie|https://www.saos.org.pl/judgments/308158
306870|2017-09-25|SO|VIII Pa 145/17|Uzasadnienie|https://www.saos.org.pl/judgments/306870
318524|2017-09-21|SO|VIII Gz 134/17|Postanowienie|https://www.saos.org.pl/judgments/318524
312915|2017-09-21|SO|IV Ca 92/17|Uzasadnienie|https://www.saos.org.pl/judgments/312915
315508|2017-09-20|SO|III Ca 878/17|Wyrok|https://www.saos.org.pl/judgments/315508
315271|2017-09-20|SO|I ACa 1085/16|Wyrok|https://www.saos.org.pl/judgments/315271
311599|2017-09-20|SO|III Ca 713/17|Uzasadnienie|https://www.saos.org.pl/judgments/311599
307441|2017-09-19|SO|III Ca 683/17|Uzasadnienie|https://www.saos.org.pl/judgments/307441
311394|2017-09-18|SO|I ACa 173/17|Wyrok|https://www.saos.org.pl/judgments/311394
306820|2017-09-18|SO|VIII Gz 304/17|Postanowienie|https://www.saos.org.pl/judgments/306820
308152|2017-09-15|SO|III Ca 1033/17|Uzasadnienie|https://www.saos.org.pl/judgments/308152
330036|2017-09-13|SO|VI ACa 630/16|Wyrok|https://www.saos.org.pl/judgments/330036
328867|2017-09-13|SO|I ACa 428/17|Wyrok|https://www.saos.org.pl/judgments/328867
307313|2017-09-13|SO|I ACa 1615/16|Wyrok|https://www.saos.org.pl/judgments/307313
321060|2017-09-12|SO|I ACa 996/16|Wyrok|https://www.saos.org.pl/judgments/321060
305344|2017-09-12|SO|II Ca 467/17|Wyrok|https://www.saos.org.pl/judgments/305344
305322|2017-09-12|SO|II Ca 346/17|Wyrok|https://www.saos.org.pl/judgments/305322
309640|2017-09-08|SO|I ACa 242/17|Wyrok|https://www.saos.org.pl/judgments/309640
319163|2017-09-05|SO|III Ca 1160/16|Wyrok|https://www.saos.org.pl/judgments/319163
313247|2017-08-30|SO|III Ca 1007/17|Uzasadnienie|https://www.saos.org.pl/judgments/313247
305799|2017-08-30|SO|III Ca 750/17|Postanowienie|https://www.saos.org.pl/judgments/305799
314435|2017-08-29|SO|II Ca 4/17|Wyrok|https://www.saos.org.pl/judgments/314435
304389|2017-08-29|SO|I ACa 841/16|Wyrok|https://www.saos.org.pl/judgments/304389
314150|2017-08-23|SO|I ACa 577/16|Wyrok|https://www.saos.org.pl/judgments/314150
300610|2017-08-23|SO|VIII Ua 55/17|Zarządzenie|https://www.saos.org.pl/judgments/300610
379907|2017-08-22|SO|VI ACa 578/16|Wyrok|https://www.saos.org.pl/judgments/379907
314157|2017-08-17|SO|I ACa 733/15|Wyrok|https://www.saos.org.pl/judgments/314157
300829|2017-08-17|SO|III AUa 772/16|Wyrok|https://www.saos.org.pl/judgments/300829
303970|2017-08-16|SO|III Ca 668/17|Uzasadnienie|https://www.saos.org.pl/judgments/303970
303494|2017-08-11|SO|III Ca 572/17|Uzasadnienie|https://www.saos.org.pl/judgments/303494
329876|2017-08-10|SO|VII Pa 94/17|Wyrok|https://www.saos.org.pl/judgments/329876
335113|2017-08-09|SO|VI ACa 900/17|Wyrok|https://www.saos.org.pl/judgments/335113
303287|2017-08-04|SO|III Ca 548/17|Uzasadnienie|https://www.saos.org.pl/judgments/303287
300734|2017-07-26|SO|I Ca 229/17|Wyrok|https://www.saos.org.pl/judgments/300734
303101|2017-07-25|SO|III Ca 584/17|Uzasadnienie|https://www.saos.org.pl/judgments/303101
323034|2017-07-20|SO|III AUa 1122/16|Wyrok|https://www.saos.org.pl/judgments/323034
318833|2017-07-13|SO|I ACa 1076/16|Wyrok|https://www.saos.org.pl/judgments/318833
300907|2017-07-13|SO|III Ca 535/17|Uzasadnienie|https://www.saos.org.pl/judgments/300907
309658|2017-07-12|SO|I ACa 842/16|Wyrok|https://www.saos.org.pl/judgments/309658
300926|2017-07-11|SO|III Ca 859/17|Uzasadnienie|https://www.saos.org.pl/judgments/300926
297842|2017-07-05|SO|III Ca 287/17|Uzasadnienie|https://www.saos.org.pl/judgments/297842
293436|2017-07-05|SO|IV Ca 325/17|Wyrok|https://www.saos.org.pl/judgments/293436
329215|2017-06-28|SO|I ACa 561/16|Wyrok|https://www.saos.org.pl/judgments/329215
305731|2017-06-28|SO|III Ca 1600/16|Wyrok|https://www.saos.org.pl/judgments/305731
298883|2017-06-28|SO|I Ca 209/17|Wyrok|https://www.saos.org.pl/judgments/298883
292415|2017-06-28|SO|I ACa 605/16|Wyrok|https://www.saos.org.pl/judgments/292415
291965|2017-06-28|SO|V ACa 782/16|Wyrok|https://www.saos.org.pl/judgments/291965
292416|2017-06-22|SO|I ACa 67/17|Wyrok|https://www.saos.org.pl/judgments/292416
321192|2017-06-21|SO|I ACz 969/17|Postanowienie|https://www.saos.org.pl/judgments/321192
296223|2017-06-19|SO|III AUa 278/16|Wyrok|https://www.saos.org.pl/judgments/296223
337718|2017-06-14|SO|I ACa 1713/16|Wyrok|https://www.saos.org.pl/judgments/337718
289576|2017-06-14|SO|XIII Ga 542/17|Uzasadnienie|https://www.saos.org.pl/judgments/289576
331952|2017-06-09|SO|I ACa 1839/16|Wyrok|https://www.saos.org.pl/judgments/331952
291303|2017-06-09|SO|VI Pa 47/17|Wyrok|https://www.saos.org.pl/judgments/291303
288615|2017-06-09|SO|VIII Gz 164/17|Postanowienie|https://www.saos.org.pl/judgments/288615
305726|2017-06-08|SO|III Ca 1484/16|Wyrok|https://www.saos.org.pl/judgments/305726
298882|2017-06-02|SO|I Ca 196/17|Wyrok|https://www.saos.org.pl/judgments/298882
290186|2017-05-31|SO|III Ca 1771/16|Wyrok|https://www.saos.org.pl/judgments/290186
288897|2017-05-31|SO|I ACa 511/16|Wyrok|https://www.saos.org.pl/judgments/288897
291142|2017-05-30|SO|III Ca 108/17|Uzasadnienie|https://www.saos.org.pl/judgments/291142
291645|2017-05-29|SO|VIII Pa 31/17|Uzasadnienie|https://www.saos.org.pl/judgments/291645
288043|2017-05-29|SO|III Ca 1613/16|Uzasadnienie|https://www.saos.org.pl/judgments/288043
289506|2017-05-25|SO|VIII Ua 26/17|Uzasadnienie|https://www.saos.org.pl/judgments/289506
309375|2017-05-24|SO|VI ACa 277/16|Wyrok|https://www.saos.org.pl/judgments/309375
299314|2017-05-24|SO|III Ca 206/17|Wyrok|https://www.saos.org.pl/judgments/299314
298441|2017-05-24|SO|I Ca 176/17|Wyrok|https://www.saos.org.pl/judgments/298441
493776|2017-05-19|SO|I ACa 1752/16|Wyrok|https://www.saos.org.pl/judgments/493776
337717|2017-05-18|SO|I ACa 1706/16|Wyrok|https://www.saos.org.pl/judgments/337717
295584|2017-05-17|SO|I Ca 151/17|Wyrok|https://www.saos.org.pl/judgments/295584
290167|2017-05-17|SO|III Ca 1117/16|Wyrok|https://www.saos.org.pl/judgments/290167
308488|2017-05-11|SO|I ACz 675/17|Postanowienie|https://www.saos.org.pl/judgments/308488
291644|2017-05-10|SO|VIII Pa 235/16|Wyrok|https://www.saos.org.pl/judgments/291644
303575|2017-04-28|SO|VI ACa 2010/15|Wyrok|https://www.saos.org.pl/judgments/303575
337829|2017-04-27|SO|I ACa 1743/16|Wyrok|https://www.saos.org.pl/judgments/337829
290168|2017-04-26|SO|III Ca 114/17|Wyrok|https://www.saos.org.pl/judgments/290168
310068|2017-04-21|SO|VI ACa 1830/15|Wyrok|https://www.saos.org.pl/judgments/310068
289992|2017-04-20|SO|II Ca 1006/16|Wyrok|https://www.saos.org.pl/judgments/289992
285282|2017-04-20|SO|II Ca 995/16|Wyrok|https://www.saos.org.pl/judgments/285282
282420|2017-04-20|SO|VIII Gz 44/17|Postanowienie|https://www.saos.org.pl/judgments/282420
289859|2017-04-19|SO|I Ca 118/17|Wyrok|https://www.saos.org.pl/judgments/289859
285531|2017-04-19|SO|III Ca 1954/16|Uzasadnienie|https://www.saos.org.pl/judgments/285531
285082|2017-04-19|SO|I ACa 698/16|Wyrok|https://www.saos.org.pl/judgments/285082
307626|2017-04-18|SO|I ACa 1640/16|Wyrok|https://www.saos.org.pl/judgments/307626
308574|2017-04-10|SO|VI ACa 33/16|Wyrok|https://www.saos.org.pl/judgments/308574
285420|2017-04-10|SO|III Ca 1437/16|Uzasadnienie|https://www.saos.org.pl/judgments/285420
302676|2017-04-06|SO|I ACa 795/16|Wyrok|https://www.saos.org.pl/judgments/302676
282684|2017-04-06|SO|I ACa 91/16|Wyrok|https://www.saos.org.pl/judgments/282684
288886|2017-04-05|SO|I ACa 213/16|Wyrok|https://www.saos.org.pl/judgments/288886
284529|2017-03-30|SO|III Ca 1655/16|Uzasadnienie|https://www.saos.org.pl/judgments/284529
298957|2017-03-29|SO|III Ca 1452/16|Wyrok|https://www.saos.org.pl/judgments/298957
305356|2017-03-24|SO|II Ca 701/16|Wyrok|https://www.saos.org.pl/judgments/305356
285392|2017-03-23|SO|III AUa 90/16|Wyrok|https://www.saos.org.pl/judgments/285392
282282|2017-03-23|SO|III Ca 1697/16|Uzasadnienie|https://www.saos.org.pl/judgments/282282
281321|2017-03-23|SO|VIII Ua 3/17|Uzasadnienie|https://www.saos.org.pl/judgments/281321
281224|2017-03-23|SO|VIII Pa 3/17|Uzasadnienie|https://www.saos.org.pl/judgments/281224
315961|2017-03-21|SO|I ACa 342/16|Wyrok|https://www.saos.org.pl/judgments/315961
287878|2017-03-15|SO|I ACa 953/16|Wyrok|https://www.saos.org.pl/judgments/287878
281195|2017-03-14|SO|VIII Ga 230/16|Uzasadnienie|https://www.saos.org.pl/judgments/281195
307624|2017-03-10|SO|I ACa 1520/16|Wyrok|https://www.saos.org.pl/judgments/307624
287957|2017-03-08|SO|I Ca 419/16|Postanowienie|https://www.saos.org.pl/judgments/287957
281766|2017-03-06|SO|III Ca 1965/16|Uzasadnienie|https://www.saos.org.pl/judgments/281766
275755|2017-03-03|SO|VIII Ga 9/17|Wyrok|https://www.saos.org.pl/judgments/275755
284757|2017-03-02|SO|VI ACa 1976/16|Wyrok|https://www.saos.org.pl/judgments/284757
279938|2017-03-02|SO|VI ACa 1647/15|Wyrok|https://www.saos.org.pl/judgments/279938
285782|2017-02-23|SO|V Pa 52/16|Wyrok|https://www.saos.org.pl/judgments/285782
277759|2017-02-21|SO|III Ca 1463/16|Wyrok|https://www.saos.org.pl/judgments/277759
275872|2017-02-10|SO|I ACa 918/16|Wyrok|https://www.saos.org.pl/judgments/275872
321826|2017-02-09|SO|I ACa 511/16|Wyrok|https://www.saos.org.pl/judgments/321826
298827|2017-02-09|SO|XV Ca 1659/16|Wyrok|https://www.saos.org.pl/judgments/298827
327584|2017-02-07|SO|III Cz 45/17|Postanowienie|https://www.saos.org.pl/judgments/327584
283329|2017-01-31|SO|XXIII Ga 1809/16|Wyrok|https://www.saos.org.pl/judgments/283329
285047|2017-01-26|SO|I ACa 1311/16|Wyrok|https://www.saos.org.pl/judgments/285047
285351|2017-01-25|SO|III AUa 184/16|Wyrok|https://www.saos.org.pl/judgments/285351
274700|2017-01-25|SO|VI ACa 1649/15|Wyrok|https://www.saos.org.pl/judgments/274700
283632|2017-01-24|SO|VI ACa 1725/15|Wyrok|https://www.saos.org.pl/judgments/283632
318086|2017-01-20|SO|XXVII Ca 3570/16|Wyrok|https://www.saos.org.pl/judgments/318086
269688|2017-01-19|SO|II Ca 708/16|Wyrok|https://www.saos.org.pl/judgments/269688
272733|2017-01-18|SO|VIII Ga 202/16|Uzasadnienie|https://www.saos.org.pl/judgments/272733
315968|2017-01-17|SO|I ACa 583/16|Wyrok|https://www.saos.org.pl/judgments/315968
270914|2017-01-17|SO|IX Ca 802/16|Postanowienie|https://www.saos.org.pl/judgments/270914
298094|2017-01-13|SO|II Ca 1007/16|Postanowienie|https://www.saos.org.pl/judgments/298094
271734|2017-01-12|SO|VI ACa 1631/15|Wyrok|https://www.saos.org.pl/judgments/271734
276679|2017-01-11|SO|VI ACa 1598/15|Wyrok|https://www.saos.org.pl/judgments/276679
262986|2017-01-10|SO|XIII Ga 477/16|Uzasadnienie|https://www.saos.org.pl/judgments/262986
309296|2017-01-05|SO|II Ca 844/16|Wyrok|https://www.saos.org.pl/judgments/309296
270790|2017-01-05|SO|XXI Pa 639/16|Wyrok|https://www.saos.org.pl/judgments/270790
267754|2017-01-03|SO|III Ca 1486/16|Uzasadnienie|https://www.saos.org.pl/judgments/267754
285806|2016-12-29|SO|VI ACa 1087/15|Wyrok|https://www.saos.org.pl/judgments/285806
282768|2016-12-29|SO|II Ca 521/16|Wyrok|https://www.saos.org.pl/judgments/282768
267145|2016-12-29|SO|III Ca 1350/16|Uzasadnienie|https://www.saos.org.pl/judgments/267145
263133|2016-12-23|SO|III Ca 1151/16|Uzasadnienie|https://www.saos.org.pl/judgments/263133
267069|2016-12-22|SO|II Ca 593/16|Wyrok|https://www.saos.org.pl/judgments/267069
270731|2016-12-20|SO|VII Ga 346/16|Wyrok|https://www.saos.org.pl/judgments/270731
263139|2016-12-19|SO|III Ca 1248/16|Uzasadnienie|https://www.saos.org.pl/judgments/263139
332085|2016-12-16|SO|II Ca 2052/16|Postanowienie|https://www.saos.org.pl/judgments/332085
292074|2016-12-16|SO|XV Ca 975/16|Wyrok|https://www.saos.org.pl/judgments/292074
269562|2016-12-13|SO|VIII Ga 191/16|Uzasadnienie|https://www.saos.org.pl/judgments/269562
258185|2016-12-12|SO|III Ca 697/16|Uzasadnienie|https://www.saos.org.pl/judgments/258185
284186|2016-12-07|SO|I ACa 333/16|Wyrok|https://www.saos.org.pl/judgments/284186
266452|2016-12-07|SO|I Ca 384/16|Wyrok|https://www.saos.org.pl/judgments/266452
269105|2016-12-06|SO|XXI Pa 676/16|Wyrok|https://www.saos.org.pl/judgments/269105
262422|2016-12-06|SO|II Cz 658/16|Postanowienie|https://www.saos.org.pl/judgments/262422
256753|2016-12-05|SO|XIII Ga 861/16|Uzasadnienie|https://www.saos.org.pl/judgments/256753
261105|2016-12-01|SO|III AUa 564/16|Wyrok|https://www.saos.org.pl/judgments/261105
258475|2016-11-30|SO|IX Ca 541/16|Postanowienie|https://www.saos.org.pl/judgments/258475
267586|2016-11-29|SO|I ACa 599/16|Wyrok|https://www.saos.org.pl/judgments/267586
259904|2016-11-29|SO|V ACa 489/16|Wyrok|https://www.saos.org.pl/judgments/259904
266062|2016-11-25|SO|I ACa 1928/15|Wyrok|https://www.saos.org.pl/judgments/266062
272468|2016-11-24|SO|VI ACa 1190/15|Wyrok|https://www.saos.org.pl/judgments/272468
262228|2016-11-24|SO|III Ca 1192/16|Postanowienie|https://www.saos.org.pl/judgments/262228
267048|2016-11-22|SO|II Ca 447/16|Wyrok|https://www.saos.org.pl/judgments/267048
290932|2016-11-18|SO|XV Ca 755/16|Postanowienie|https://www.saos.org.pl/judgments/290932
260380|2016-11-18|SO|I ACa 582/16|Wyrok|https://www.saos.org.pl/judgments/260380
330505|2016-11-17|SO|II Ca 562/16|Wyrok|https://www.saos.org.pl/judgments/330505
266125|2016-11-17|SO|III AUa 896/15|Wyrok|https://www.saos.org.pl/judgments/266125
325865|2016-11-09|SO|I ACa 339/16|Wyrok|https://www.saos.org.pl/judgments/325865
266260|2016-11-07|SO|II Ca 1535/16|Wyrok|https://www.saos.org.pl/judgments/266260
263438|2016-11-04|SO|VI ACa 905/15|Wyrok|https://www.saos.org.pl/judgments/263438
265564|2016-11-03|SO|III Ca 946/16|Wyrok|https://www.saos.org.pl/judgments/265564
258011|2016-11-03|SO|I ACa 2071/14|Wyrok|https://www.saos.org.pl/judgments/258011
256961|2016-11-03|SO|I ACa 774/16|Wyrok|https://www.saos.org.pl/judgments/256961
255971|2016-11-03|SO|I Ca 340/16|Wyrok|https://www.saos.org.pl/judgments/255971
254542|2016-11-03|SO|VIII Pa 88/16|Uzasadnienie|https://www.saos.org.pl/judgments/254542
261351|2016-10-31|SO|II Cz 692/16|Postanowienie|https://www.saos.org.pl/judgments/261351
258022|2016-10-28|SO|I ACa 449/16|Wyrok|https://www.saos.org.pl/judgments/258022
256759|2016-10-25|SO|I ACa 406/16|Wyrok|https://www.saos.org.pl/judgments/256759
260669|2016-10-24|SO|I ACa 354/16|Wyrok|https://www.saos.org.pl/judgments/260669
265543|2016-10-19|SO|III Ca 2047/15|Wyrok|https://www.saos.org.pl/judgments/265543
267468|2016-10-18|SO|VI ACa 908/15|Wyrok|https://www.saos.org.pl/judgments/267468
325899|2016-10-13|SO|II Ca 536/16|Wyrok|https://www.saos.org.pl/judgments/325899
265651|2016-10-13|SO|V ACa 83/16|Wyrok|https://www.saos.org.pl/judgments/265651
254385|2016-10-11|SO|III Ca 946/16|Uzasadnienie|https://www.saos.org.pl/judgments/254385
251037|2016-10-11|SO|XIII Ga 305/16|Uzasadnienie|https://www.saos.org.pl/judgments/251037
250464|2016-10-11|SO|III Cz 1158/16|Postanowienie|https://www.saos.org.pl/judgments/250464
265958|2016-10-07|SO|VI ACa 840/15|Wyrok|https://www.saos.org.pl/judgments/265958
259847|2016-10-07|SO|III AUa 758/15|Wyrok|https://www.saos.org.pl/judgments/259847
259845|2016-10-07|SO|III AUa 465/15|Wyrok|https://www.saos.org.pl/judgments/259845
254266|2016-10-03|SO|III Ca 390/16|Uzasadnienie|https://www.saos.org.pl/judgments/254266
252183|2016-09-30|SO|V ACa 48/16|Wyrok|https://www.saos.org.pl/judgments/252183
257438|2016-09-29|SO|III AUa 939/15|Wyrok|https://www.saos.org.pl/judgments/257438
260485|2016-09-27|SO|III Cz 1379/16|Postanowienie|https://www.saos.org.pl/judgments/260485
251191|2016-09-27|SO|I ACz 1524/16|Postanowienie|https://www.saos.org.pl/judgments/251191
252161|2016-09-23|SO|IV Ca 411/16|Postanowienie|https://www.saos.org.pl/judgments/252161
258363|2016-09-22|SO|I ACa 1895/15|Wyrok|https://www.saos.org.pl/judgments/258363
250642|2016-09-22|SO|VIII Ga 102/16|Uzasadnienie|https://www.saos.org.pl/judgments/250642
256938|2016-09-20|SO|I ACa 187/16|Wyrok|https://www.saos.org.pl/judgments/256938
263426|2016-09-16|SO|V ACa 36/16|Wyrok|https://www.saos.org.pl/judgments/263426
249576|2016-09-15|SO|I ACa 303/16|Wyrok|https://www.saos.org.pl/judgments/249576
252252|2016-09-14|SO|I ACa 107/16|Wyrok|https://www.saos.org.pl/judgments/252252
249851|2016-09-09|SO|I Ca 257/16|Postanowienie|https://www.saos.org.pl/judgments/249851
256458|2016-09-07|SO|I ACa 250/16|Wyrok|https://www.saos.org.pl/judgments/256458
247107|2016-09-07|SO|XIII Ga 166/16|Uzasadnienie|https://www.saos.org.pl/judgments/247107
247795|2016-09-06|SO|V ACa 935/15|Wyrok|https://www.saos.org.pl/judgments/247795
246197|2016-09-06|SO|III Cz 932/16|Postanowienie|https://www.saos.org.pl/judgments/246197
249255|2016-09-05|SO|III Ca 648/16|Uzasadnienie|https://www.saos.org.pl/judgments/249255
251370|2016-08-31|SO|III Ca 759/16|Uzasadnienie|https://www.saos.org.pl/judgments/251370
249232|2016-08-31|SO|III Ca 540/16|Uzasadnienie|https://www.saos.org.pl/judgments/249232
253039|2016-08-26|SO|II Ca 332/16|Wyrok|https://www.saos.org.pl/judgments/253039
247265|2016-08-24|SO|I ACa 320/16|Wyrok|https://www.saos.org.pl/judgments/247265
249375|2016-08-12|SO|V Ca 3653/15|Wyrok|https://www.saos.org.pl/judgments/249375
242339|2016-08-11|SO|III Ca 577/16|Postanowienie|https://www.saos.org.pl/judgments/242339
247733|2016-08-08|SO|III Ca 695/16|Uzasadnienie|https://www.saos.org.pl/judgments/247733
247731|2016-08-08|SO|III Ca 694/16|Uzasadnienie|https://www.saos.org.pl/judgments/247731
247739|2016-08-02|SO|III Ca 740/16|Uzasadnienie|https://www.saos.org.pl/judgments/247739
305057|2016-07-29|SO|II Ca 105/16|Wyrok|https://www.saos.org.pl/judgments/305057
249031|2016-07-29|SO|V Ca 2326/15|Postanowienie|https://www.saos.org.pl/judgments/249031
247889|2016-07-29|SO|I ACa 1773/15|Wyrok|https://www.saos.org.pl/judgments/247889
238469|2016-07-28|SO|I ACa 16/16|Wyrok|https://www.saos.org.pl/judgments/238469
246997|2016-07-21|SO|III Ca 699/16|Uzasadnienie|https://www.saos.org.pl/judgments/246997
239912|2016-07-21|SO|II Ca 171/16|Wyrok|https://www.saos.org.pl/judgments/239912
290927|2016-07-15|SO|XV Ca 208/16|Postanowienie|https://www.saos.org.pl/judgments/290927
255534|2016-07-14|SO|V Pa 61/16|Wyrok|https://www.saos.org.pl/judgments/255534
246499|2016-07-08|SO|III Ca 495/16|Uzasadnienie|https://www.saos.org.pl/judgments/246499
241647|2016-07-08|SO|III Ca 335/16|Uzasadnienie|https://www.saos.org.pl/judgments/241647
237447|2016-07-08|SO|I ACa 172/16|Wyrok|https://www.saos.org.pl/judgments/237447
272471|2016-07-06|SO|VI ACa 318/15|Wyrok|https://www.saos.org.pl/judgments/272471
233859|2016-07-06|SO|VIII Gz 185/16|Postanowienie|https://www.saos.org.pl/judgments/233859
245955|2016-07-05|SO|III Cz 110/16|Postanowienie|https://www.saos.org.pl/judgments/245955
240464|2016-07-01|SO|III Ca 280/16|Uzasadnienie|https://www.saos.org.pl/judgments/240464
237167|2016-07-01|SO|II Cz 470/16|Postanowienie|https://www.saos.org.pl/judgments/237167
247257|2016-06-30|SO|I ACa 155/16|Wyrok|https://www.saos.org.pl/judgments/247257
242300|2016-06-30|SO|III Ca 422/16|Uzasadnienie|https://www.saos.org.pl/judgments/242300
308970|2016-06-29|SO|I ACa 653/16|Wyrok|https://www.saos.org.pl/judgments/308970
245984|2016-06-28|SO|III Cz 738/16|Postanowienie|https://www.saos.org.pl/judgments/245984
245983|2016-06-28|SO|III Cz 737/16|Postanowienie|https://www.saos.org.pl/judgments/245983
237882|2016-06-27|SO|VII Ua 25/16|Wyrok|https://www.saos.org.pl/judgments/237882
249089|2016-06-24|SO|XXVII Ca 951/16|Wyrok|https://www.saos.org.pl/judgments/249089
238792|2016-06-22|SO|II Ca 129/16|Postanowienie|https://www.saos.org.pl/judgments/238792
237243|2016-06-22|SO|III Ca 1938/15|Postanowienie|https://www.saos.org.pl/judgments/237243
246175|2016-06-21|SO|III Cz 577/16|Postanowienie|https://www.saos.org.pl/judgments/246175
295428|2016-06-16|SO|I ACa 51/16|Wyrok|https://www.saos.org.pl/judgments/295428
255659|2016-06-16|SO|I ACa 47/16|Wyrok|https://www.saos.org.pl/judgments/255659
295535|2016-06-15|SO|I ACa 24/16|Wyrok|https://www.saos.org.pl/judgments/295535
247045|2016-06-15|SO|V Pa 22/16|Wyrok|https://www.saos.org.pl/judgments/247045
235821|2016-06-15|SO|I Ca 157/16|Postanowienie|https://www.saos.org.pl/judgments/235821
266146|2016-06-14|SO|VI ACa 343/15|Wyrok|https://www.saos.org.pl/judgments/266146
232983|2016-06-14|SO|VII Pa 125/16|Uzasadnienie|https://www.saos.org.pl/judgments/232983
236211|2016-06-09|SO|VI ACa 1016/15|Wyrok|https://www.saos.org.pl/judgments/236211
239106|2016-06-08|SO|I Ca 183/16|Postanowienie|https://www.saos.org.pl/judgments/239106
245956|2016-06-07|SO|III Cz 117/16|Postanowienie|https://www.saos.org.pl/judgments/245956
325674|2016-06-03|SO|II Ca 10/16|Postanowienie|https://www.saos.org.pl/judgments/325674
239698|2016-06-03|SO|III Ca 714/15|Uzasadnienie|https://www.saos.org.pl/judgments/239698
229642|2016-06-02|SO|VII Ua 64/16|Uzasadnienie|https://www.saos.org.pl/judgments/229642
239416|2016-05-30|SO|III Ca 178/16|Uzasadnienie|https://www.saos.org.pl/judgments/239416
248205|2016-05-25|SO|II Ca 1618/15|Postanowienie|https://www.saos.org.pl/judgments/248205
230935|2016-05-25|SO|III Ca 428/16|Wyrok|https://www.saos.org.pl/judgments/230935
294829|2016-05-24|SO|I ACa 1163/15|Wyrok|https://www.saos.org.pl/judgments/294829
231101|2016-05-23|SO|I ACa 278/15|Wyrok|https://www.saos.org.pl/judgments/231101
239915|2016-05-19|SO|II Ca 1855/15|Wyrok|https://www.saos.org.pl/judgments/239915
239694|2016-05-19|SO|III Ca 532/16|Uzasadnienie|https://www.saos.org.pl/judgments/239694
241913|2016-05-18|SO|I ACa 851/15|Wyrok|https://www.saos.org.pl/judgments/241913
231113|2016-05-18|SO|I ACa 61/16|Wyrok|https://www.saos.org.pl/judgments/231113
239400|2016-05-16|SO|III Ca 165/16|Uzasadnienie|https://www.saos.org.pl/judgments/239400
228726|2016-05-13|SO|I ACa 32/16|Wyrok|https://www.saos.org.pl/judgments/228726
223802|2016-05-12|SO|I ACz 779/16|Postanowienie|https://www.saos.org.pl/judgments/223802
273587|2016-05-11|SO|I ACa 910/15|Wyrok|https://www.saos.org.pl/judgments/273587
236215|2016-05-10|SO|I ACa 1064/15|Wyrok|https://www.saos.org.pl/judgments/236215
238288|2016-05-06|SO|I ACa 1059/15|Wyrok|https://www.saos.org.pl/judgments/238288
250005|2016-05-05|SO|V ACa 755/15|Wyrok|https://www.saos.org.pl/judgments/250005
233654|2016-05-04|SO|I ACa 1055/15|Wyrok|https://www.saos.org.pl/judgments/233654
235782|2016-05-02|SO|I ACz 152/16|Postanowienie|https://www.saos.org.pl/judgments/235782
294826|2016-04-29|SO|I ACa 1085/15|Wyrok|https://www.saos.org.pl/judgments/294826
225304|2016-04-29|SO|III Ca 89/16|Uzasadnienie|https://www.saos.org.pl/judgments/225304
239172|2016-04-28|SO|III Ca 1541/15|Uzasadnienie|https://www.saos.org.pl/judgments/239172
219133|2016-04-27|SO|I ACz 250/16|Postanowienie|https://www.saos.org.pl/judgments/219133
373565|2016-04-21|SO|III Cz 347/16|Postanowienie|https://www.saos.org.pl/judgments/373565
225811|2016-04-21|SO|II Ca 1066/15|Wyrok|https://www.saos.org.pl/judgments/225811
224315|2016-04-21|SO|IV Ca 70/16|Wyrok|https://www.saos.org.pl/judgments/224315
224031|2016-04-20|SO|I ACa 1530/15|Wyrok|https://www.saos.org.pl/judgments/224031
223333|2016-04-19|SO|III AUa 1200/15|Wyrok|https://www.saos.org.pl/judgments/223333
230907|2016-04-13|SO|III Ca 2091/15|Wyrok|https://www.saos.org.pl/judgments/230907
225166|2016-04-13|SO|III Ca 1935/15|Uzasadnienie|https://www.saos.org.pl/judgments/225166
305207|2016-04-12|SO|II Ca 1613/15|Postanowienie|https://www.saos.org.pl/judgments/305207
224538|2016-04-12|SO|III Ca 1922/15|Uzasadnienie|https://www.saos.org.pl/judgments/224538
229716|2016-04-05|SO|VI ACa 315/15|Wyrok|https://www.saos.org.pl/judgments/229716
220423|2016-03-31|SO|I ACa 1078/15|Wyrok|https://www.saos.org.pl/judgments/220423
220418|2016-03-31|SO|I ACa 1049/15|Wyrok|https://www.saos.org.pl/judgments/220418
223686|2016-03-30|SO|VI ACa 239/15|Wyrok|https://www.saos.org.pl/judgments/223686
222699|2016-03-25|SO|III Ca 1927/15|Uzasadnienie|https://www.saos.org.pl/judgments/222699
222725|2016-03-23|SO|III Ca 247/16|Uzasadnienie|https://www.saos.org.pl/judgments/222725
221405|2016-03-23|SO|III AUa 1673/15|Wyrok|https://www.saos.org.pl/judgments/221405
217790|2016-03-23|SO|III Ca 695/15|Uzasadnienie|https://www.saos.org.pl/judgments/217790
217876|2016-03-22|SO|VII Ua 117/15|Uzasadnienie|https://www.saos.org.pl/judgments/217876
218294|2016-03-16|SO|I ACa 1732/15|Wyrok|https://www.saos.org.pl/judgments/218294
217037|2016-03-16|SO|VII Ua 9/16|Wyrok|https://www.saos.org.pl/judgments/217037
246779|2016-03-15|SO|V ACa 794/15|Wyrok|https://www.saos.org.pl/judgments/246779
218155|2016-03-14|SO|V Pz 4/16|Postanowienie|https://www.saos.org.pl/judgments/218155
230898|2016-03-09|SO|III Ca 1995/15|Wyrok|https://www.saos.org.pl/judgments/230898
221558|2016-03-09|SO|III Ca 1776/15|Uzasadnienie|https://www.saos.org.pl/judgments/221558
233452|2016-03-08|SO|I ACa 788/15|Wyrok|https://www.saos.org.pl/judgments/233452
217557|2016-03-08|SO|VI ACa 52/15|Wyrok|https://www.saos.org.pl/judgments/217557
215375|2016-03-03|SO|III Ca 1788/15|Wyrok|https://www.saos.org.pl/judgments/215375
305250|2016-03-02|SO|II Ca 19/16|Wyrok|https://www.saos.org.pl/judgments/305250
221531|2016-02-29|SO|III Ca 1748/15|Uzasadnienie|https://www.saos.org.pl/judgments/221531
242671|2016-02-26|SO|V ACa 731/15|Wyrok|https://www.saos.org.pl/judgments/242671
215604|2016-02-26|SO|VIII Ga 429/15|Wyrok|https://www.saos.org.pl/judgments/215604
207883|2016-02-26|SO|XIII Ga 702/15|Postanowienie|https://www.saos.org.pl/judgments/207883
221009|2016-02-23|SO|VI ACa 142/15|Wyrok|https://www.saos.org.pl/judgments/221009
218981|2016-02-23|SO|III Cz 22/16|Postanowienie|https://www.saos.org.pl/judgments/218981
213871|2016-02-23|SO|III Ca 1059/15|Uzasadnienie|https://www.saos.org.pl/judgments/213871
216196|2016-02-18|SO|III Ca 1810/15|Wyrok|https://www.saos.org.pl/judgments/216196
232881|2016-02-17|SO|II Ca 2421/15|Postanowienie|https://www.saos.org.pl/judgments/232881
233314|2016-02-16|SO|III Cz 61/16|Postanowienie|https://www.saos.org.pl/judgments/233314
297520|2016-02-12|SO|V ACa 671/15|Wyrok|https://www.saos.org.pl/judgments/297520
213899|2016-02-11|SO|III Ca 1577/15|Uzasadnienie|https://www.saos.org.pl/judgments/213899
211454|2016-02-10|SO|I ACa 1430/15|Wyrok|https://www.saos.org.pl/judgments/211454
216568|2016-02-09|SO|I ACa 867/15|Wyrok|https://www.saos.org.pl/judgments/216568
211032|2016-02-08|SO|III Ca 1567/15|Uzasadnienie|https://www.saos.org.pl/judgments/211032
204941|2016-02-04|SO|VIII Gz 147/15|Postanowienie|https://www.saos.org.pl/judgments/204941
221015|2016-02-02|SO|VI ACa 514/15|Wyrok|https://www.saos.org.pl/judgments/221015
216194|2016-02-02|SO|III Ca 1744/15|Postanowienie|https://www.saos.org.pl/judgments/216194
210995|2016-02-01|SO|III Ca 1266/15|Uzasadnienie|https://www.saos.org.pl/judgments/210995
244376|2016-01-29|SN|II CSK 94/15|Postanowienie|https://www.saos.org.pl/judgments/244376
215877|2016-01-29|SO|VI ACa 509/15|Wyrok|https://www.saos.org.pl/judgments/215877
214536|2016-01-29|SO|VIII Ga 387/15|Wyrok|https://www.saos.org.pl/judgments/214536
203545|2016-01-28|SO|VII Pa 143/15|Wyrok|https://www.saos.org.pl/judgments/203545
207746|2016-01-27|SO|III Ca 1620/15|Wyrok|https://www.saos.org.pl/judgments/207746
233744|2016-01-26|SO|III Cz 2051/15|Postanowienie|https://www.saos.org.pl/judgments/233744
223488|2016-01-26|SO|I ACa 788/15|Wyrok|https://www.saos.org.pl/judgments/223488
207794|2016-01-26|SO|V ACa 239/15|Wyrok|https://www.saos.org.pl/judgments/207794
213454|2016-01-25|SO|III Ca 1397/15|Uzasadnienie|https://www.saos.org.pl/judgments/213454
222344|2016-01-22|SO|I ACa 613/15|Wyrok|https://www.saos.org.pl/judgments/222344
227040|2016-01-20|SO|I ACa 228/15|Wyrok|https://www.saos.org.pl/judgments/227040
217918|2016-01-20|SO|I ACa 433/15|Wyrok|https://www.saos.org.pl/judgments/217918
212278|2016-01-15|SO|V ACa 615/15|Wyrok|https://www.saos.org.pl/judgments/212278
238374|2016-01-14|SO|III AUa 5/15|Wyrok|https://www.saos.org.pl/judgments/238374
197142|2016-01-14|SO|I ACa 793/15|Wyrok|https://www.saos.org.pl/judgments/197142
215817|2016-01-12|SO|III Cz 2017/15|Postanowienie|https://www.saos.org.pl/judgments/215817
215813|2016-01-12|SO|III Cz 1925/15|Postanowienie|https://www.saos.org.pl/judgments/215813
210317|2016-01-08|SO|III Ca 1487/15|Wyrok|https://www.saos.org.pl/judgments/210317
216817|2016-01-07|SO|III Cz 1895/15|Postanowienie|https://www.saos.org.pl/judgments/216817
490351|2015-12-30|SO|III APa 40/15|Wyrok|https://www.saos.org.pl/judgments/490351
211661|2015-12-29|SO|V ACa 600/15|Wyrok|https://www.saos.org.pl/judgments/211661
204282|2015-12-29|SO|I ACa 1299/15|Wyrok|https://www.saos.org.pl/judgments/204282
196868|2015-12-29|SO|III Ca 1383/15|Uzasadnienie|https://www.saos.org.pl/judgments/196868
196330|2015-12-22|SO|III Ca 1530/15|Wyrok|https://www.saos.org.pl/judgments/196330
218314|2015-12-17|SO|I ACa 604/15|Wyrok|https://www.saos.org.pl/judgments/218314
210851|2015-12-17|SO|I Ca 194/15|Wyrok|https://www.saos.org.pl/judgments/210851
194334|2015-12-17|SO|I Ca 376/15|Wyrok|https://www.saos.org.pl/judgments/194334
255663|2015-12-16|SO|I ACa 710/15|Wyrok|https://www.saos.org.pl/judgments/255663
253179|2015-12-16|SO|XIII Ua 33/15|Wyrok|https://www.saos.org.pl/judgments/253179
210314|2015-12-15|SO|III Ca 1470/15|Wyrok|https://www.saos.org.pl/judgments/210314
540577|2015-12-10|SO|II Ca 779/15|Postanowienie|https://www.saos.org.pl/judgments/540577
344032|2015-12-10|SO|I ACa 215/15|Wyrok|https://www.saos.org.pl/judgments/344032
227041|2015-12-10|SO|I ACa 359/15|Wyrok|https://www.saos.org.pl/judgments/227041
212996|2015-12-10|SO|VI ACa 1700/14|Wyrok|https://www.saos.org.pl/judgments/212996
231121|2015-12-08|SO|I ACa 723/15|Wyrok|https://www.saos.org.pl/judgments/231121
204070|2015-12-08|SO|V ACa 569/15|Wyrok|https://www.saos.org.pl/judgments/204070
243972|2015-12-04|SN|I CSK 972/14|Wyrok|https://www.saos.org.pl/judgments/243972
210240|2015-12-04|SO|II Ca 2055/15|Postanowienie|https://www.saos.org.pl/judgments/210240
223456|2015-12-02|SO|V ACa 506/15|Wyrok|https://www.saos.org.pl/judgments/223456
203399|2015-12-02|SO|V ACa 519/15|Wyrok|https://www.saos.org.pl/judgments/203399
199162|2015-12-02|SO|VI ACa 1713/14|Wyrok|https://www.saos.org.pl/judgments/199162
213430|2015-12-01|SO|III AUa 317/15|Wyrok|https://www.saos.org.pl/judgments/213430
208010|2015-12-01|SO|III Cz 1407/15|Postanowienie|https://www.saos.org.pl/judgments/208010
219940|2015-11-30|SO|VI ACa 1319/14|Wyrok|https://www.saos.org.pl/judgments/219940
193770|2015-11-27|SO|III Ca 107/15|Uzasadnienie|https://www.saos.org.pl/judgments/193770
194358|2015-11-25|SO|II Ca 659/15|Postanowienie|https://www.saos.org.pl/judgments/194358
199804|2015-11-24|SO|V ACa 520/15|Wyrok|https://www.saos.org.pl/judgments/199804
198812|2015-11-24|SO|VI ACa 1716/14|Wyrok|https://www.saos.org.pl/judgments/198812
312621|2015-11-23|SO|II Cz 749/15|Postanowienie|https://www.saos.org.pl/judgments/312621
197213|2015-11-18|SO|I Ca 232/15|Wyrok|https://www.saos.org.pl/judgments/197213
196749|2015-11-18|SO|I ACz 2010/15|Postanowienie|https://www.saos.org.pl/judgments/196749
211876|2015-11-13|SO|I ACa 537/15|Wyrok|https://www.saos.org.pl/judgments/211876
198786|2015-11-13|SO|V ACa 480/15|Wyrok|https://www.saos.org.pl/judgments/198786
192074|2015-11-13|SO|I ACa 609/15|Wyrok|https://www.saos.org.pl/judgments/192074
190518|2015-11-13|SO|I Ca 458/15|Wyrok|https://www.saos.org.pl/judgments/190518
211875|2015-11-10|SO|I ACa 522/15|Wyrok|https://www.saos.org.pl/judgments/211875
191485|2015-11-10|SO|I ACa 504/15|Wyrok|https://www.saos.org.pl/judgments/191485
198007|2015-11-06|SO|V ACa 274/15|Wyrok|https://www.saos.org.pl/judgments/198007
192059|2015-11-06|SO|I ACa 511/15|Wyrok|https://www.saos.org.pl/judgments/192059
181416|2015-11-06|SO|I ACa 542/15|Wyrok|https://www.saos.org.pl/judgments/181416
193946|2015-11-05|SO|III Ca 914/15|Uzasadnienie|https://www.saos.org.pl/judgments/193946
208253|2015-11-03|SO|III Cz 1247/15|Postanowienie|https://www.saos.org.pl/judgments/208253
188414|2015-11-03|SO|VII Ua 80/15|Uzasadnienie|https://www.saos.org.pl/judgments/188414
181195|2015-10-30|SO|I ACa 200/15|Wyrok|https://www.saos.org.pl/judgments/181195
231087|2015-10-29|SO|I ACa 126/15|Wyrok|https://www.saos.org.pl/judgments/231087
189893|2015-10-29|SO|II Ca 2251/15|Wyrok|https://www.saos.org.pl/judgments/189893
181398|2015-10-29|SO|I ACa 519/15|Wyrok|https://www.saos.org.pl/judgments/181398
197865|2015-10-28|SO|I ACa 638/15|Wyrok|https://www.saos.org.pl/judgments/197865
182728|2015-10-28|SO|I Ca 312/15|Postanowienie|https://www.saos.org.pl/judgments/182728
243706|2015-10-27|SN|II PK 267/15|Wyrok|https://www.saos.org.pl/judgments/243706
190581|2015-10-27|SO|III Cz 819/15|Postanowienie|https://www.saos.org.pl/judgments/190581
183249|2015-10-27|SO|II Ca 218/15|Postanowienie|https://www.saos.org.pl/judgments/183249
211883|2015-10-22|SO|I ACa 726/15|Wyrok|https://www.saos.org.pl/judgments/211883
183355|2015-10-22|SO|II Ca 567/15|Wyrok|https://www.saos.org.pl/judgments/183355
193399|2015-10-21|SO|III Ca 932/15|Uzasadnienie|https://www.saos.org.pl/judgments/193399
187043|2015-10-16|SO|V ACa 204/15|Wyrok|https://www.saos.org.pl/judgments/187043
298591|2015-10-15|SO|II Ca 393/15|Wyrok|https://www.saos.org.pl/judgments/298591
186141|2015-10-15|SO|IV Ca 359/15|Postanowienie|https://www.saos.org.pl/judgments/186141
203181|2015-10-14|SO|III Ca 1521/14|Postanowienie|https://www.saos.org.pl/judgments/203181
182736|2015-10-14|SO|I Ca 320/15|Wyrok|https://www.saos.org.pl/judgments/182736
187880|2015-10-09|SO|VI Pa 84/15|Wyrok|https://www.saos.org.pl/judgments/187880
192641|2015-10-08|SO|III Ca 773/15|Uzasadnienie|https://www.saos.org.pl/judgments/192641
184593|2015-10-08|SO|III AUa 676/15|Wyrok|https://www.saos.org.pl/judgments/184593
187017|2015-10-07|SO|V ACa 118/15|Wyrok|https://www.saos.org.pl/judgments/187017
211867|2015-10-06|SO|I ACa 352/15|Wyrok|https://www.saos.org.pl/judgments/211867
191928|2015-10-02|SO|III Ca 776/15|Uzasadnienie|https://www.saos.org.pl/judgments/191928
185535|2015-10-01|SO|III Ca 976/15|Postanowienie|https://www.saos.org.pl/judgments/185535
181234|2015-10-01|SO|I ACa 284/15|Wyrok|https://www.saos.org.pl/judgments/181234
181130|2015-10-01|SO|I ACa 124/15|Wyrok|https://www.saos.org.pl/judgments/181130
304351|2015-09-30|SO|I ACa 354/15|Wyrok|https://www.saos.org.pl/judgments/304351
184585|2015-09-30|SO|III AUa 660/15|Wyrok|https://www.saos.org.pl/judgments/184585
182726|2015-09-30|SO|I Ca 304/15|Wyrok|https://www.saos.org.pl/judgments/182726
181335|2015-09-30|SO|I ACa 447/15|Wyrok|https://www.saos.org.pl/judgments/181335
192653|2015-09-29|SO|III Ca 818/15|Uzasadnienie|https://www.saos.org.pl/judgments/192653
191897|2015-09-28|SO|III Ca 1078/15|Uzasadnienie|https://www.saos.org.pl/judgments/191897
187055|2015-09-28|SO|V ACa 253/15|Wyrok|https://www.saos.org.pl/judgments/187055
186085|2015-09-28|SO|III Ua 13/15|Wyrok|https://www.saos.org.pl/judgments/186085
181408|2015-09-25|SO|I ACa 533/15|Wyrok|https://www.saos.org.pl/judgments/181408
179175|2015-09-25|SO|I ACa 367/15|Wyrok|https://www.saos.org.pl/judgments/179175
179982|2015-09-24|SO|V ACa 900/14|Wyrok|https://www.saos.org.pl/judgments/179982
197847|2015-09-21|SO|I ACa 269/15|Wyrok|https://www.saos.org.pl/judgments/197847
181135|2015-09-18|SO|I ACa 1297/14|Wyrok|https://www.saos.org.pl/judgments/181135
185541|2015-09-15|SO|III Cz 1/15|Postanowienie|https://www.saos.org.pl/judgments/185541
185780|2015-09-14|SO|III Pa 20/15|Wyrok|https://www.saos.org.pl/judgments/185780
180137|2015-09-11|SO|VI Pa 7/15|Wyrok|https://www.saos.org.pl/judgments/180137
299358|2015-09-10|SO|IV Pa 61/15|Wyrok|https://www.saos.org.pl/judgments/299358
200128|2015-09-10|SO|I Ca 98/15|Wyrok|https://www.saos.org.pl/judgments/200128
190017|2015-09-10|SO|III Ca 81/15|Uzasadnienie|https://www.saos.org.pl/judgments/190017
183312|2015-09-10|SO|II Ca 461/15|Wyrok|https://www.saos.org.pl/judgments/183312
184204|2015-09-09|SO|III AUa 1523/14|Wyrok|https://www.saos.org.pl/judgments/184204
190575|2015-09-08|SO|III Cz 1576/14|Postanowienie|https://www.saos.org.pl/judgments/190575
217407|2015-09-03|SO|III AUa 927/14|Wyrok|https://www.saos.org.pl/judgments/217407
195810|2015-09-03|SO|I ACa 453/15|Wyrok|https://www.saos.org.pl/judgments/195810
190583|2015-09-02|SO|III Cz 913/15|Postanowienie|https://www.saos.org.pl/judgments/190583
185581|2015-09-02|SO|III Cz 1812/14|Postanowienie|https://www.saos.org.pl/judgments/185581
185360|2015-08-31|SO|III Ca 622/15|Uzasadnienie|https://www.saos.org.pl/judgments/185360
180873|2015-08-28|SO|VIII Ga 224/15|Wyrok|https://www.saos.org.pl/judgments/180873
178145|2015-08-28|SO|I ACa 1835/14|Wyrok|https://www.saos.org.pl/judgments/178145
183435|2015-08-27|SO|II Ca 898/14|Uzasadnienie|https://www.saos.org.pl/judgments/183435
191357|2015-08-25|SO|III Ca 671/15|Uzasadnienie|https://www.saos.org.pl/judgments/191357
180220|2015-08-21|SO|VIII Ga 133/15|Uzasadnienie|https://www.saos.org.pl/judgments/180220
181558|2015-08-12|SO|I ACz 1298/15|Postanowienie|https://www.saos.org.pl/judgments/181558
187121|2015-08-07|SO|V Ca 3293/14|Wyrok|https://www.saos.org.pl/judgments/187121
185261|2015-08-07|SO|III Ca 552/15|Uzasadnienie|https://www.saos.org.pl/judgments/185261
185682|2015-08-04|SO|III Cz 790/15|Postanowienie|https://www.saos.org.pl/judgments/185682
190001|2015-07-31|SO|III Ca 284/15|Uzasadnienie|https://www.saos.org.pl/judgments/190001
185237|2015-07-30|SO|III Ca 536/15|Uzasadnienie|https://www.saos.org.pl/judgments/185237
185280|2015-07-27|SO|III Ca 566/15|Uzasadnienie|https://www.saos.org.pl/judgments/185280
187033|2015-07-22|SO|V ACa 169/15|Wyrok|https://www.saos.org.pl/judgments/187033
173042|2015-07-21|SO|V ACa 51/15|Wyrok|https://www.saos.org.pl/judgments/173042
185306|2015-07-17|SO|III Ca 580/15|Uzasadnienie|https://www.saos.org.pl/judgments/185306
185003|2015-07-17|SO|III Ca 333/15|Uzasadnienie|https://www.saos.org.pl/judgments/185003
185415|2015-07-15|SO|III Ca 723/15|Wyrok|https://www.saos.org.pl/judgments/185415
176154|2015-07-13|SO|II Ca 425/15|Postanowienie|https://www.saos.org.pl/judgments/176154
177016|2015-07-08|SO|I Ca 257/15|Postanowienie|https://www.saos.org.pl/judgments/177016
185006|2015-07-07|SO|III Ca 339/15|Uzasadnienie|https://www.saos.org.pl/judgments/185006
169908|2015-07-07|SO|VII Ua 153/14|Uzasadnienie|https://www.saos.org.pl/judgments/169908
172171|2015-07-06|SO|I ACa 155/15|Wyrok|https://www.saos.org.pl/judgments/172171
185104|2015-07-01|SO|III Ca 426/15|Uzasadnienie|https://www.saos.org.pl/judgments/185104
185085|2015-07-01|SO|III Ca 408/15|Uzasadnienie|https://www.saos.org.pl/judgments/185085
185279|2015-06-30|SO|III Ca 566/15|Wyrok|https://www.saos.org.pl/judgments/185279
169849|2015-06-30|SO|II Cz 424/15|Postanowienie|https://www.saos.org.pl/judgments/169849
184884|2015-06-25|SO|III Ca 1190/14|Uzasadnienie|https://www.saos.org.pl/judgments/184884
172222|2015-06-25|SO|III Ca 49/15|Postanowienie|https://www.saos.org.pl/judgments/172222
195869|2015-06-24|SO|I ACa 887/14|Wyrok|https://www.saos.org.pl/judgments/195869
159751|2015-06-24|SO|III Ca 556/15|Postanowienie|https://www.saos.org.pl/judgments/159751
186564|2015-06-23|SO|IV Pa 33/15|Wyrok|https://www.saos.org.pl/judgments/186564
196382|2015-06-22|SO|III Cz 652/15|Postanowienie|https://www.saos.org.pl/judgments/196382
185675|2015-06-22|SO|III Cz 676/15|Postanowienie|https://www.saos.org.pl/judgments/185675
159744|2015-06-22|SO|III Ca 493/15|Postanowienie|https://www.saos.org.pl/judgments/159744
187485|2015-06-17|SO|VI ACa 1134/14|Wyrok|https://www.saos.org.pl/judgments/187485
169159|2015-06-12|SO|I ACa 37/15|Wyrok|https://www.saos.org.pl/judgments/169159
176144|2015-06-03|SO|II Ca 181/15|Wyrok|https://www.saos.org.pl/judgments/176144
159737|2015-06-03|SO|III Ca 409/15|Postanowienie|https://www.saos.org.pl/judgments/159737
169177|2015-06-02|SO|I ACa 927/14|Wyrok|https://www.saos.org.pl/judgments/169177
181114|2015-05-28|SO|I ACa 1055/14|Wyrok|https://www.saos.org.pl/judgments/181114
159726|2015-05-28|SO|III Ca 324/15|Wyrok|https://www.saos.org.pl/judgments/159726
159101|2015-05-28|SO|VIII Ga 135/15|Wyrok|https://www.saos.org.pl/judgments/159101
185652|2015-05-26|SO|III Cz 517/15|Postanowienie|https://www.saos.org.pl/judgments/185652
177239|2015-05-21|SO|V ACa 59/15|Wyrok|https://www.saos.org.pl/judgments/177239
170098|2015-05-20|SO|I Ca 154/15|Wyrok|https://www.saos.org.pl/judgments/170098
156228|2015-05-20|SO|I ACa 163/15|Wyrok|https://www.saos.org.pl/judgments/156228
175322|2015-05-18|SO|III Ca 1807/14|Uzasadnienie|https://www.saos.org.pl/judgments/175322
178140|2015-05-15|SO|I ACa 1458/14|Wyrok|https://www.saos.org.pl/judgments/178140
158073|2015-05-15|SO|I ACa 140/15|Wyrok|https://www.saos.org.pl/judgments/158073
155537|2015-05-15|SO|I ACa 1705/14|Wyrok|https://www.saos.org.pl/judgments/155537
175836|2015-05-13|SO|I ACa 1054/14|Wyrok|https://www.saos.org.pl/judgments/175836
159681|2015-05-12|SO|III Ca 1448/14|Wyrok|https://www.saos.org.pl/judgments/159681
153456|2015-05-12|SO|III Cz 97/15|Postanowienie|https://www.saos.org.pl/judgments/153456
296726|2015-05-07|SO|II Ca 261/15|Wyrok|https://www.saos.org.pl/judgments/296726
153466|2015-05-07|SO|IX Ca 949/14|Postanowienie|https://www.saos.org.pl/judgments/153466
153448|2015-05-07|SO|III Ca 210/15|Wyrok|https://www.saos.org.pl/judgments/153448
184930|2015-05-06|SO|III Ca 173/15|Wyrok|https://www.saos.org.pl/judgments/184930
174118|2015-05-06|SO|II Ca 299/15|Wyrok|https://www.saos.org.pl/judgments/174118
170089|2015-05-06|SO|I Ca 116/15|Wyrok|https://www.saos.org.pl/judgments/170089
155547|2015-05-06|SO|I ACa 236/15|Wyrok|https://www.saos.org.pl/judgments/155547
159501|2015-04-29|SO|III Ca 1536/14|Postanowienie|https://www.saos.org.pl/judgments/159501
176909|2015-04-28|SO|I ACa 715/14|Wyrok|https://www.saos.org.pl/judgments/176909
183470|2015-04-27|SO|II Cz 247/15|Postanowienie|https://www.saos.org.pl/judgments/183470
152237|2015-04-23|SO|III AUa 2042/14|Wyrok|https://www.saos.org.pl/judgments/152237
185612|2015-04-21|SO|III Cz 279/15|Postanowienie|https://www.saos.org.pl/judgments/185612
154356|2015-04-16|SO|I ACa 130/15|Wyrok|https://www.saos.org.pl/judgments/154356
184873|2015-04-15|SO|III Ca 111/15|Wyrok|https://www.saos.org.pl/judgments/184873
157086|2015-04-15|SO|II Ca 2783/14|Postanowienie|https://www.saos.org.pl/judgments/157086
151941|2015-04-14|SO|V ACa 734/14|Wyrok|https://www.saos.org.pl/judgments/151941
150325|2015-04-14|SO|I ACz 274/15|Postanowienie|https://www.saos.org.pl/judgments/150325
152503|2015-04-13|SO|VIII Gz 24/15|Postanowienie|https://www.saos.org.pl/judgments/152503
153696|2015-04-10|SO|VI Pa 15/15|Wyrok|https://www.saos.org.pl/judgments/153696
152126|2015-04-10|SO|VIII Ga 57/15|Wyrok|https://www.saos.org.pl/judgments/152126
150606|2015-04-10|SO|I ACa 853/14|Wyrok|https://www.saos.org.pl/judgments/150606
173816|2015-04-09|SO|I ACa 934/14|Wyrok|https://www.saos.org.pl/judgments/173816
172865|2015-04-03|SO|III Ca 1752/14|Uzasadnienie|https://www.saos.org.pl/judgments/172865
159508|2015-04-02|SO|III Ca 1730/14|Wyrok|https://www.saos.org.pl/judgments/159508
172954|2015-03-30|SO|III Ca 326/15|Uzasadnienie|https://www.saos.org.pl/judgments/172954
156852|2015-03-30|SO|I ACa 1079/14|Wyrok|https://www.saos.org.pl/judgments/156852
148963|2015-03-27|SO|I ACa 978/14|Wyrok|https://www.saos.org.pl/judgments/148963
148303|2015-03-27|SO|I ACa 896/14|Wyrok|https://www.saos.org.pl/judgments/148303
159695|2015-03-26|SO|III Ca 1797/14|Wyrok|https://www.saos.org.pl/judgments/159695
151715|2015-03-26|SO|II Ca 717/14|Uzasadnienie|https://www.saos.org.pl/judgments/151715
149769|2015-03-26|SO|I ACa 960/14|Wyrok|https://www.saos.org.pl/judgments/149769
172482|2015-03-23|SO|III Ca 294/15|Uzasadnienie|https://www.saos.org.pl/judgments/172482
172428|2015-03-23|SO|III Ca 1617/14|Uzasadnienie|https://www.saos.org.pl/judgments/172428
153303|2015-03-20|SO|III AUa 205/14|Wyrok|https://www.saos.org.pl/judgments/153303
172362|2015-03-19|SO|III Ca 1111/14|Uzasadnienie|https://www.saos.org.pl/judgments/172362
172414|2015-03-18|SO|III Ca 1599/14|Uzasadnienie|https://www.saos.org.pl/judgments/172414
169354|2015-03-16|SO|II Ca 116/15|Postanowienie|https://www.saos.org.pl/judgments/169354
148099|2015-03-13|SO|V ACa 916/14|Wyrok|https://www.saos.org.pl/judgments/148099
132929|2015-03-13|SO|V Ca 986/14|Wyrok|https://www.saos.org.pl/judgments/132929
159259|2015-03-11|SO|III Ca 618/14|Wyrok|https://www.saos.org.pl/judgments/159259
134570|2015-03-11|SO|I Ca 18/15|Postanowienie|https://www.saos.org.pl/judgments/134570
185596|2015-03-10|SO|III Cz 202/15|Postanowienie|https://www.saos.org.pl/judgments/185596
149846|2015-03-09|SO|I ACa 907/14|Wyrok|https://www.saos.org.pl/judgments/149846
154608|2015-03-06|SO|VI ACa 378/14|Postanowienie|https://www.saos.org.pl/judgments/154608
169172|2015-03-05|SO|I ACa 862/14|Wyrok|https://www.saos.org.pl/judgments/169172
158087|2015-03-05|SO|I ACa 822/14|Wyrok|https://www.saos.org.pl/judgments/158087
154197|2015-03-05|SO|II Ca 2380/14|Postanowienie|https://www.saos.org.pl/judgments/154197
150736|2015-03-04|SO|VI ACa 743/14|Wyrok|https://www.saos.org.pl/judgments/150736
425525|2015-03-03|SO|V ACa 913/14|Wyrok|https://www.saos.org.pl/judgments/425525
185563|2015-03-03|SO|III Cz 136/15|Postanowienie|https://www.saos.org.pl/judgments/185563
158408|2015-03-02|SO|III Ca 82/15|Uzasadnienie|https://www.saos.org.pl/judgments/158408
157516|2015-03-02|SO|III Ca 1468/14|Uzasadnienie|https://www.saos.org.pl/judgments/157516
157514|2015-03-02|SO|III Ca 1465/14|Uzasadnienie|https://www.saos.org.pl/judgments/157514
156489|2015-03-02|SO|III Ca 1451/14|Uzasadnienie|https://www.saos.org.pl/judgments/156489
158083|2015-02-27|SO|I ACa 39/15|Wyrok|https://www.saos.org.pl/judgments/158083
149052|2015-02-27|SO|I ACa 979/14|Wyrok|https://www.saos.org.pl/judgments/149052
152305|2015-02-25|SO|VI ACa 693/14|Wyrok|https://www.saos.org.pl/judgments/152305
156468|2015-02-23|SO|III Ca 1400/14|Uzasadnienie|https://www.saos.org.pl/judgments/156468
151842|2015-02-23|SO|I ACa 770/14|Wyrok|https://www.saos.org.pl/judgments/151842
170348|2015-02-20|SO|III Ca 180/15|Uzasadnienie|https://www.saos.org.pl/judgments/170348
134392|2015-02-20|SO|I ACa 973/14|Wyrok|https://www.saos.org.pl/judgments/134392
151880|2015-02-19|SO|II Ca 554/14|Postanowienie|https://www.saos.org.pl/judgments/151880
148950|2015-02-19|SO|VI ACa 1929/13|Wyrok|https://www.saos.org.pl/judgments/148950
179773|2015-02-17|SO|III Cz 1960/14|Postanowienie|https://www.saos.org.pl/judgments/179773
154423|2015-02-17|SO|III Ca 1369/14|Uzasadnienie|https://www.saos.org.pl/judgments/154423
153060|2015-02-13|SO|I ACa 309/15|Wyrok|https://www.saos.org.pl/judgments/153060
149711|2015-02-13|SO|V ACa 590/14|Wyrok|https://www.saos.org.pl/judgments/149711
153523|2015-02-11|SO|I ACa 1650/14|Wyrok|https://www.saos.org.pl/judgments/153523
148808|2015-02-11|SO|III AUa 549/14|Wyrok|https://www.saos.org.pl/judgments/148808
297357|2015-02-10|SO|II Ca 768/14|Wyrok|https://www.saos.org.pl/judgments/297357
154298|2015-02-10|SO|VI ACa 508/14|Wyrok|https://www.saos.org.pl/judgments/154298
131831|2015-02-10|SO|III Ca 1001/14|Wyrok|https://www.saos.org.pl/judgments/131831
151095|2015-02-09|SO|III Ca 1354/14|Uzasadnienie|https://www.saos.org.pl/judgments/151095
151061|2015-02-09|SO|III Ca 1307/14|Uzasadnienie|https://www.saos.org.pl/judgments/151061
296162|2015-02-05|SO|II Ca 66/14|Wyrok|https://www.saos.org.pl/judgments/296162
129847|2015-02-03|SO|IV Ca 549/14|Postanowienie|https://www.saos.org.pl/judgments/129847
154418|2015-01-30|SO|III Ca 1271/14|Uzasadnienie|https://www.saos.org.pl/judgments/154418
297062|2015-01-29|SO|II Ca 691/14|Postanowienie|https://www.saos.org.pl/judgments/297062
132561|2015-01-29|SO|III AUa 469/14|Wyrok|https://www.saos.org.pl/judgments/132561
129128|2015-01-29|SO|VI Gz 20/15|Postanowienie|https://www.saos.org.pl/judgments/129128
128844|2015-01-21|SO|I Ca 372/14|Wyrok|https://www.saos.org.pl/judgments/128844
131392|2015-01-20|SO|VI ACa 398/14|Wyrok|https://www.saos.org.pl/judgments/131392
131235|2015-01-20|SO|II Ca 1325/14|Wyrok|https://www.saos.org.pl/judgments/131235
132507|2015-01-16|SO|II Ca 1904/14|Postanowienie|https://www.saos.org.pl/judgments/132507
190290|2015-01-15|SO|II Ca 473/14|Postanowienie|https://www.saos.org.pl/judgments/190290
158565|2015-01-15|SO|III Ca 914/14|Postanowienie|https://www.saos.org.pl/judgments/158565
148042|2015-01-15|SO|I ACa 1113/14|Wyrok|https://www.saos.org.pl/judgments/148042
176901|2015-01-13|SO|I ACa 577/14|Wyrok|https://www.saos.org.pl/judgments/176901
134676|2015-01-12|SO|III Ca 1160/14|Uzasadnienie|https://www.saos.org.pl/judgments/134676
129567|2015-01-12|SO|I ACa 1048/14|Wyrok|https://www.saos.org.pl/judgments/129567
159780|2015-01-08|SO|III Cz 854/14|Postanowienie|https://www.saos.org.pl/judgments/159780
134917|2015-01-05|SO|III Ca 1156/14|Uzasadnienie|https://www.saos.org.pl/judgments/134917
134666|2014-12-31|SO|III Ca 1137/14|Uzasadnienie|https://www.saos.org.pl/judgments/134666
153840|2014-12-29|SO|VI ACa 1934/13|Wyrok|https://www.saos.org.pl/judgments/153840
126744|2014-12-29|SO|I ACa 572/14|Wyrok|https://www.saos.org.pl/judgments/126744
297013|2014-12-23|SO|II Ca 527/14|Wyrok|https://www.saos.org.pl/judgments/297013
75706|2014-12-22|SO|II Ca 419/14|Postanowienie|https://www.saos.org.pl/judgments/75706
128392|2014-12-19|SO|V ACa 235/14|Wyrok|https://www.saos.org.pl/judgments/128392
126236|2014-12-19|SO|III Ca 554/13|Wyrok|https://www.saos.org.pl/judgments/126236
73837|2014-12-18|SO|VII Pa 349/14|Uzasadnienie|https://www.saos.org.pl/judgments/73837
131075|2014-12-17|SO|VI ACa 452/14|Wyrok|https://www.saos.org.pl/judgments/131075
129171|2014-12-16|SO|I ACa 645/14|Wyrok|https://www.saos.org.pl/judgments/129171
126614|2014-12-16|SO|VIII Ga 165/14|Uzasadnienie|https://www.saos.org.pl/judgments/126614
132909|2014-12-15|SO|III Ca 997/14|Uzasadnienie|https://www.saos.org.pl/judgments/132909
148013|2014-12-12|SO|I ACa 1293/14|Wyrok|https://www.saos.org.pl/judgments/148013
131348|2014-12-11|SO|V ACa 559/14|Wyrok|https://www.saos.org.pl/judgments/131348
76125|2014-12-11|SO|I ACa 550/14|Wyrok|https://www.saos.org.pl/judgments/76125
127137|2014-12-10|SO|I ACa 803/14|Wyrok|https://www.saos.org.pl/judgments/127137
126985|2014-12-10|SO|II Ca 1027/14|Wyrok|https://www.saos.org.pl/judgments/126985
156010|2014-12-09|SO|III Cz 1600/14|Postanowienie|https://www.saos.org.pl/judgments/156010
129992|2014-12-08|SO|III Ca 924/14|Uzasadnienie|https://www.saos.org.pl/judgments/129992
132342|2014-12-05|SO|III Ca 970/14|Uzasadnienie|https://www.saos.org.pl/judgments/132342
156016|2014-12-02|SO|III Cz 1681/14|Postanowienie|https://www.saos.org.pl/judgments/156016
127773|2014-12-01|SO|I ACa 885/13|Wyrok|https://www.saos.org.pl/judgments/127773
128459|2014-11-28|SO|I ACa 604/14|Wyrok|https://www.saos.org.pl/judgments/128459
150447|2014-11-27|SO|II Ca 791/14|Wyrok|https://www.saos.org.pl/judgments/150447
148068|2014-11-27|SO|I ACa 675/14|Wyrok|https://www.saos.org.pl/judgments/148068
158416|2014-11-26|SO|III Cz 1459/14|Postanowienie|https://www.saos.org.pl/judgments/158416
313172|2014-11-20|SO|II Ca 684/14|Postanowienie|https://www.saos.org.pl/judgments/313172
155960|2014-11-20|SO|III Ca 1286/14|Wyrok|https://www.saos.org.pl/judgments/155960
74574|2014-11-19|SO|I ACa 758/14|Wyrok|https://www.saos.org.pl/judgments/74574
124942|2014-11-18|SO|III Ca 274/14|Uzasadnienie|https://www.saos.org.pl/judgments/124942
128746|2014-11-06|SO|V ACa 508/14|Wyrok|https://www.saos.org.pl/judgments/128746
128547|2014-11-06|SO|V ACa 587/14|Wyrok|https://www.saos.org.pl/judgments/128547
75659|2014-10-31|SO|III Ca 731/14|Uzasadnienie|https://www.saos.org.pl/judgments/75659
126483|2014-10-29|SO|I ACa 433/14|Wyrok|https://www.saos.org.pl/judgments/126483
127958|2014-10-28|SO|II Ca 1456/14|Wyrok|https://www.saos.org.pl/judgments/127958
73819|2014-10-28|SO|III Cz 528/14|Postanowienie|https://www.saos.org.pl/judgments/73819
75822|2014-10-24|SO|I ACz 723/14|Postanowienie|https://www.saos.org.pl/judgments/75822
126027|2014-10-22|SO|III Ca 811/14|Wyrok|https://www.saos.org.pl/judgments/126027
69580|2014-10-22|SO|I ACa 376/14|Wyrok|https://www.saos.org.pl/judgments/69580
68197|2014-10-22|SO|II Ca 436/14|Postanowienie|https://www.saos.org.pl/judgments/68197
346200|2014-10-21|SO|II Ca 220/14|Uzasadnienie|https://www.saos.org.pl/judgments/346200
125473|2014-10-21|SO|III Cz 934/14|Postanowienie|https://www.saos.org.pl/judgments/125473
67686|2014-10-16|SO|VIII Gz 133/14|Postanowienie|https://www.saos.org.pl/judgments/67686
185495|2014-10-15|SO|III Ca 871/14|Postanowienie|https://www.saos.org.pl/judgments/185495
67722|2014-10-15|SO|I ACa 270/14|Wyrok|https://www.saos.org.pl/judgments/67722
64205|2014-10-10|SO|IV Ca 379/14|Wyrok|https://www.saos.org.pl/judgments/64205
195766|2014-10-09|SO|I ACa 977/14|Wyrok|https://www.saos.org.pl/judgments/195766
130529|2014-10-09|SO|I ACa 301/14|Wyrok|https://www.saos.org.pl/judgments/130529
69795|2014-10-09|SO|I ACa 727/14|Wyrok|https://www.saos.org.pl/judgments/69795
68731|2014-10-09|SO|IV Ca 189/14|Wyrok|https://www.saos.org.pl/judgments/68731
166956|2014-10-08|SN|II CSK 781/13|Postanowienie|https://www.saos.org.pl/judgments/166956
166952|2014-10-08|SN|II CSK 54/14|Postanowienie|https://www.saos.org.pl/judgments/166952
75956|2014-10-08|SO|V ACa 484/14|Wyrok|https://www.saos.org.pl/judgments/75956
66240|2014-10-02|SO|II Ca 284/14|Wyrok|https://www.saos.org.pl/judgments/66240
70457|2014-09-30|SO|III Cz 949/14|Postanowienie|https://www.saos.org.pl/judgments/70457
63698|2014-09-30|SO|X Ga 52/14|Wyrok|https://www.saos.org.pl/judgments/63698
75357|2014-09-29|SO|I ACa 476/14|Wyrok|https://www.saos.org.pl/judgments/75357
65361|2014-09-29|SO|III AUz 230/14|Postanowienie|https://www.saos.org.pl/judgments/65361
67299|2014-09-26|SO|II Ca 608/14|Wyrok|https://www.saos.org.pl/judgments/67299
66460|2014-09-26|SO|VIII Ga 238/14|Wyrok|https://www.saos.org.pl/judgments/66460
75181|2014-09-25|SO|I ACa 553/14|Wyrok|https://www.saos.org.pl/judgments/75181
72455|2014-09-25|SO|III Ca 486/14|Wyrok|https://www.saos.org.pl/judgments/72455
127418|2014-09-24|SO|VI ACa 1704/13|Wyrok|https://www.saos.org.pl/judgments/127418
61772|2014-09-22|SO|VII Pa 216/14|Uzasadnienie|https://www.saos.org.pl/judgments/61772
166712|2014-09-18|SN|V CZ 54/14|Postanowienie|https://www.saos.org.pl/judgments/166712
63947|2014-09-18|SO|VIII Ga 85/14|Uzasadnienie|https://www.saos.org.pl/judgments/63947
63164|2014-09-18|SO|I ACa 295/14|Wyrok|https://www.saos.org.pl/judgments/63164
69925|2014-09-17|SO|VI ACa 1851/13|Wyrok|https://www.saos.org.pl/judgments/69925
69803|2014-09-17|SO|III Ca 2026/13|Wyrok|https://www.saos.org.pl/judgments/69803
74193|2014-09-16|SO|VI ACa 1841/13|Wyrok|https://www.saos.org.pl/judgments/74193
174109|2014-09-15|SO|II Ca 193/14|Postanowienie|https://www.saos.org.pl/judgments/174109
294299|2014-09-12|SO|II Ca 1404/13|Wyrok|https://www.saos.org.pl/judgments/294299
61542|2014-09-12|SO|VII Pa 217/14|Uzasadnienie|https://www.saos.org.pl/judgments/61542
173674|2014-09-11|SO|II Ca 447/14|Wyrok|https://www.saos.org.pl/judgments/173674
67065|2014-09-11|SO|VI ACa 1965/13|Wyrok|https://www.saos.org.pl/judgments/67065
71058|2014-09-10|SO|III Ca 411/14|Uzasadnienie|https://www.saos.org.pl/judgments/71058
68901|2014-09-10|SO|I ACa 213/14|Wyrok|https://www.saos.org.pl/judgments/68901
62495|2014-09-08|SO|III Ca 950/14|Uzasadnienie|https://www.saos.org.pl/judgments/62495
68577|2014-09-04|SO|I ACa 243/14|Wyrok|https://www.saos.org.pl/judgments/68577
68024|2014-09-03|SO|III Ca 529/14|Wyrok|https://www.saos.org.pl/judgments/68024
67828|2014-08-29|SO|III Ca 382/14|Uzasadnienie|https://www.saos.org.pl/judgments/67828
68021|2014-08-28|SO|III Ca 470/14|Wyrok|https://www.saos.org.pl/judgments/68021
67414|2014-08-25|SO|II Cz 428/14|Postanowienie|https://www.saos.org.pl/judgments/67414
66606|2014-08-22|SO|III Ca 1092/13|Wyrok|https://www.saos.org.pl/judgments/66606
61036|2014-08-22|SO|I ACa 268/14|Wyrok|https://www.saos.org.pl/judgments/61036
61159|2014-08-20|SO|II Ca 450/14|Wyrok|https://www.saos.org.pl/judgments/61159
319887|2014-08-13|SO|II Ca 1319/13|Wyrok|https://www.saos.org.pl/judgments/319887
71977|2014-08-06|SO|VI ACa 888/13|Wyrok|https://www.saos.org.pl/judgments/71977
158710|2014-08-05|SO|III Cz 903/14|Postanowienie|https://www.saos.org.pl/judgments/158710
69340|2014-08-01|SO|I ACa 114/14|Wyrok|https://www.saos.org.pl/judgments/69340
72607|2014-07-23|SO|I ACa 238/14|Wyrok|https://www.saos.org.pl/judgments/72607
60979|2014-07-18|SO|III Ca 222/14|Uzasadnienie|https://www.saos.org.pl/judgments/60979
133641|2014-07-17|SO|III Ca 482/14|Wyrok|https://www.saos.org.pl/judgments/133641
73554|2014-07-17|SO|VI ACa 1558/13|Wyrok|https://www.saos.org.pl/judgments/73554
64624|2014-07-14|SO|III Cz 804/14|Postanowienie|https://www.saos.org.pl/judgments/64624
64616|2014-07-14|SO|III Cz 1007/14|Postanowienie|https://www.saos.org.pl/judgments/64616
60476|2014-07-11|SO|I ACa 326/14|Wyrok|https://www.saos.org.pl/judgments/60476
60751|2014-07-09|SO|III Ca 178/14|Uzasadnienie|https://www.saos.org.pl/judgments/60751
59557|2014-07-09|SO|III APa 37/13|Wyrok|https://www.saos.org.pl/judgments/59557
134439|2014-07-08|SO|III Cz 725/14|Postanowienie|https://www.saos.org.pl/judgments/134439
64515|2014-07-08|SO|VI ACa 1655/13|Wyrok|https://www.saos.org.pl/judgments/64515
60481|2014-07-04|SO|I ACa 41/14|Wyrok|https://www.saos.org.pl/judgments/60481
56651|2014-07-03|SO|I ACa 226/14|Wyrok|https://www.saos.org.pl/judgments/56651
52272|2014-07-03|SO|VII Pa 38/14|Uzasadnienie|https://www.saos.org.pl/judgments/52272
133634|2014-07-02|SO|III Ca 316/14|Postanowienie|https://www.saos.org.pl/judgments/133634
67658|2014-07-02|SO|III Ca 379/14|Wyrok|https://www.saos.org.pl/judgments/67658
66592|2014-07-02|SO|I Ca 189/14|Wyrok|https://www.saos.org.pl/judgments/66592
61795|2014-06-27|SO|XV Ca 502/14|Wyrok|https://www.saos.org.pl/judgments/61795
61668|2014-06-27|SO|II Ca 1458/13|Postanowienie|https://www.saos.org.pl/judgments/61668
55857|2014-06-27|SO|X Cz 110/14|Postanowienie|https://www.saos.org.pl/judgments/55857
52316|2014-06-27|SO|XIII Ga 719/13|Uzasadnienie|https://www.saos.org.pl/judgments/52316
65054|2014-06-26|SO|III AUa 987/13|Wyrok|https://www.saos.org.pl/judgments/65054
63986|2014-06-26|SO|I Ca 251/14|Postanowienie|https://www.saos.org.pl/judgments/63986
63525|2014-06-26|SO|I ACa 588/14|Wyrok|https://www.saos.org.pl/judgments/63525
60580|2014-06-25|SO|III Ca 35/14|Uzasadnienie|https://www.saos.org.pl/judgments/60580
65507|2014-06-24|SO|VI ACa 1823/13|Wyrok|https://www.saos.org.pl/judgments/65507
59725|2014-06-24|SO|I ACa 209/14|Wyrok|https://www.saos.org.pl/judgments/59725
51640|2014-06-23|SO|VII Pa 148/14|Uzasadnienie|https://www.saos.org.pl/judgments/51640
58677|2014-06-20|SO|III Ca 7/14|Uzasadnienie|https://www.saos.org.pl/judgments/58677
50715|2014-06-18|SO|II Cz 1051/14|Postanowienie|https://www.saos.org.pl/judgments/50715
53179|2014-06-13|SO|VI Gz 134/14|Postanowienie|https://www.saos.org.pl/judgments/53179
57539|2014-06-11|SO|I ACa 136/14|Wyrok|https://www.saos.org.pl/judgments/57539
51682|2014-06-11|SO|III Ca 726/13|Postanowienie|https://www.saos.org.pl/judgments/51682
56257|2014-06-10|SO|III Ca 1688/13|Uzasadnienie|https://www.saos.org.pl/judgments/56257
51262|2014-06-10|SO|III AUa 1190/13|Wyrok|https://www.saos.org.pl/judgments/51262
165922|2014-06-06|SN|III CZ 21/14|Postanowienie|https://www.saos.org.pl/judgments/165922
54323|2014-06-06|SO|I ACa 1460/13|Wyrok|https://www.saos.org.pl/judgments/54323
59377|2014-06-04|SO|III AUa 1136/13|Wyrok|https://www.saos.org.pl/judgments/59377
54868|2014-06-03|SO|I ACa 1494/13|Wyrok|https://www.saos.org.pl/judgments/54868
52924|2014-06-03|SO|I ACa 1807/13|Wyrok|https://www.saos.org.pl/judgments/52924
146748|2014-05-29|SO|I Ca 211/14|Wyrok|https://www.saos.org.pl/judgments/146748
70602|2014-05-29|SO|I ACa 420/14|Wyrok|https://www.saos.org.pl/judgments/70602
61202|2014-05-29|SO|III Ca 224/14|Wyrok|https://www.saos.org.pl/judgments/61202
146613|2014-05-28|SO|I Ca 104/14|Wyrok|https://www.saos.org.pl/judgments/146613
52800|2014-05-28|SO|II Ca 5/14|Wyrok|https://www.saos.org.pl/judgments/52800
59903|2014-05-27|SO|III Cz 590/14|Postanowienie|https://www.saos.org.pl/judgments/59903
50338|2014-05-27|SO|II Cz 272/14|Postanowienie|https://www.saos.org.pl/judgments/50338
54923|2014-05-26|SO|III Ca 179/14|Uzasadnienie|https://www.saos.org.pl/judgments/54923
63391|2014-05-23|SO|I ACa 477/14|Wyrok|https://www.saos.org.pl/judgments/63391
62304|2014-05-23|SO|I ACa 1383/13|Wyrok|https://www.saos.org.pl/judgments/62304
53161|2014-05-23|SO|II Ca 334/14|Wyrok|https://www.saos.org.pl/judgments/53161
147243|2014-05-22|SO|II Ca 1043/14|Postanowienie|https://www.saos.org.pl/judgments/147243
56825|2014-05-20|SO|XV Ca 1811/13|Wyrok|https://www.saos.org.pl/judgments/56825
61220|2014-05-15|SO|III Ca 58/14|Wyrok|https://www.saos.org.pl/judgments/61220
48075|2014-05-13|SO|I ACa 75/14|Wyrok|https://www.saos.org.pl/judgments/48075
128451|2014-05-09|SO|I ACa 236/14|Wyrok|https://www.saos.org.pl/judgments/128451
47935|2014-05-09|SO|V ACa 919/13|Wyrok|https://www.saos.org.pl/judgments/47935
52914|2014-05-08|SO|I ACa 113/14|Wyrok|https://www.saos.org.pl/judgments/52914
48064|2014-05-07|SO|I ACa 51/14|Wyrok|https://www.saos.org.pl/judgments/48064
47578|2014-05-06|SO|II Cz 259/14|Postanowienie|https://www.saos.org.pl/judgments/47578
52784|2014-04-30|SO|I ACa 66/14|Wyrok|https://www.saos.org.pl/judgments/52784
51202|2014-04-30|SO|I ACa 102/14|Wyrok|https://www.saos.org.pl/judgments/51202
64242|2014-04-25|SO|VI ACa 1282/13|Wyrok|https://www.saos.org.pl/judgments/64242
52327|2014-04-25|SO|VI ACa 715/12|Wyrok|https://www.saos.org.pl/judgments/52327
45636|2014-04-25|SO|I ACa 1502/13|Wyrok|https://www.saos.org.pl/judgments/45636
54148|2014-04-24|SO|I ACa 23/14|Wyrok|https://www.saos.org.pl/judgments/54148
146289|2014-04-23|SO|I Ca 89/14|Wyrok|https://www.saos.org.pl/judgments/146289
45667|2014-04-23|SO|III Ca 112/14|Postanowienie|https://www.saos.org.pl/judgments/45667
134596|2014-04-17|SO|III Ca 1978/13|Postanowienie|https://www.saos.org.pl/judgments/134596
45472|2014-04-17|SO|I ACa 37/14|Wyrok|https://www.saos.org.pl/judgments/45472
51998|2014-04-16|SO|V Ua 52/13|Wyrok|https://www.saos.org.pl/judgments/51998
46416|2014-04-15|SO|I ACa 1435/13|Wyrok|https://www.saos.org.pl/judgments/46416
47427|2014-04-10|SO|I ACa 33/14|Wyrok|https://www.saos.org.pl/judgments/47427
47251|2014-04-10|SO|I ACa 69/14|Wyrok|https://www.saos.org.pl/judgments/47251
44065|2014-04-10|SO|IV Pa 25/14|Wyrok|https://www.saos.org.pl/judgments/44065
44053|2014-04-10|SO|III Ca 897/13|Postanowienie|https://www.saos.org.pl/judgments/44053
51754|2014-04-08|SO|III Cz 388/14|Postanowienie|https://www.saos.org.pl/judgments/51754
48287|2014-04-08|SO|III Ca 1405/13|Uzasadnienie|https://www.saos.org.pl/judgments/48287
46021|2014-04-08|SO|II Ca 49/14|Wyrok|https://www.saos.org.pl/judgments/46021
41604|2014-04-08|SO|VII Ua 11/14|Uzasadnienie|https://www.saos.org.pl/judgments/41604
45784|2014-04-03|SO|I ACa 1280/13|Wyrok|https://www.saos.org.pl/judgments/45784
60135|2014-04-02|SO|III Ca 1869/13|Postanowienie|https://www.saos.org.pl/judgments/60135
48091|2014-04-02|SO|II Ca 1853/13|Wyrok|https://www.saos.org.pl/judgments/48091
47132|2014-04-02|SO|III Ca 544/13|Wyrok|https://www.saos.org.pl/judgments/47132
52785|2014-03-28|SO|I ACa 752/13|Wyrok|https://www.saos.org.pl/judgments/52785
55809|2014-03-27|SO|II Ca 708/12|Uzasadnienie|https://www.saos.org.pl/judgments/55809
64154|2014-03-26|SO|I ACa 872/13|Wyrok|https://www.saos.org.pl/judgments/64154
43696|2014-03-26|SO|III Ca 1205/13|Uzasadnienie|https://www.saos.org.pl/judgments/43696
131234|2014-03-25|SO|II Ca 1299/13|Wyrok|https://www.saos.org.pl/judgments/131234
58190|2014-03-25|SO|XV Ca 71/14|Wyrok|https://www.saos.org.pl/judgments/58190
52138|2014-03-21|SO|VI Pa 83/13|Wyrok|https://www.saos.org.pl/judgments/52138
52135|2014-03-21|SO|VI Pa 120/13|Wyrok|https://www.saos.org.pl/judgments/52135
53409|2014-03-20|SO|I ACa 431/13|Wyrok|https://www.saos.org.pl/judgments/53409
145509|2014-03-19|SO|I Ca 40/14|Wyrok|https://www.saos.org.pl/judgments/145509
144823|2014-03-19|SO|I Ca 34/14|Wyrok|https://www.saos.org.pl/judgments/144823
133263|2014-03-19|SO|III Ca 1749/13|Postanowienie|https://www.saos.org.pl/judgments/133263
60121|2014-03-19|SO|III Ca 1721/13|Wyrok|https://www.saos.org.pl/judgments/60121
46928|2014-03-19|SO|VI ACa 1166/13|Wyrok|https://www.saos.org.pl/judgments/46928
131385|2014-03-14|SO|II Ca 689/13|Postanowienie|https://www.saos.org.pl/judgments/131385
45326|2014-03-14|SO|VI ACa 1179/13|Wyrok|https://www.saos.org.pl/judgments/45326
42129|2014-03-14|SO|V ACa 791/13|Wyrok|https://www.saos.org.pl/judgments/42129
53527|2014-03-13|SO|VII Pz 76/13|Uzasadnienie|https://www.saos.org.pl/judgments/53527
317900|2014-03-12|SO|XII Ca 12/14|Uzasadnienie|https://www.saos.org.pl/judgments/317900
144727|2014-03-12|SO|I Ca 43/14|Wyrok|https://www.saos.org.pl/judgments/144727
52756|2014-03-11|SO|II Ca 2058/13|Wyrok|https://www.saos.org.pl/judgments/52756
45813|2014-03-11|SO|II Ca 2303/13|Wyrok|https://www.saos.org.pl/judgments/45813
144633|2014-03-10|SO|II Ca 115/14|Wyrok|https://www.saos.org.pl/judgments/144633
43617|2014-03-10|SO|X Ga 97/14|Wyrok|https://www.saos.org.pl/judgments/43617
68502|2014-03-07|SO|XV Ca 253/13|Postanowienie|https://www.saos.org.pl/judgments/68502
145244|2014-03-06|SO|II Ca 1079/13|Wyrok|https://www.saos.org.pl/judgments/145244
130607|2014-03-05|SO|III Ca 1671/13|Wyrok|https://www.saos.org.pl/judgments/130607
56104|2014-03-04|SO|II Cz 55/14|Postanowienie|https://www.saos.org.pl/judgments/56104
173750|2014-02-27|SO|I ACa 1629/13|Wyrok|https://www.saos.org.pl/judgments/173750
130124|2014-02-27|SO|III Cz 156/14|Postanowienie|https://www.saos.org.pl/judgments/130124
53478|2014-02-27|SO|II Ca 254/11|Postanowienie|https://www.saos.org.pl/judgments/53478
45175|2014-02-27|SO|I ACa 920/13|Wyrok|https://www.saos.org.pl/judgments/45175
44918|2014-02-27|SO|I ACa 1232/13|Wyrok|https://www.saos.org.pl/judgments/44918
56425|2014-02-26|SO|VI ACa 1117/13|Wyrok|https://www.saos.org.pl/judgments/56425
74399|2014-02-25|SO|XV Ca 1718/13|Postanowienie|https://www.saos.org.pl/judgments/74399
44987|2014-02-25|SO|II Cz 1040/13|Postanowienie|https://www.saos.org.pl/judgments/44987
50620|2014-02-24|SO|II Cz 976/13|Postanowienie|https://www.saos.org.pl/judgments/50620
38576|2014-02-21|SO|IV Ca 627/13|Wyrok|https://www.saos.org.pl/judgments/38576
35822|2014-02-20|SO|VII Pa 20/14|Uzasadnienie|https://www.saos.org.pl/judgments/35822
144157|2014-02-19|SO|I Ca 3/14|Postanowienie|https://www.saos.org.pl/judgments/144157
60122|2014-02-19|SO|III Ca 1722/13|Wyrok|https://www.saos.org.pl/judgments/60122
37752|2014-02-19|SO|III Ca 969/13|Wyrok|https://www.saos.org.pl/judgments/37752
70844|2014-02-18|SO|VI ACa 1020/13|Wyrok|https://www.saos.org.pl/judgments/70844
47370|2014-02-18|SO|I ACa 1016/13|Wyrok|https://www.saos.org.pl/judgments/47370
47359|2014-02-18|SO|V ACa 853/13|Wyrok|https://www.saos.org.pl/judgments/47359
36918|2014-02-17|SO|II Cz 82/14|Postanowienie|https://www.saos.org.pl/judgments/36918
298141|2014-02-14|SO|II Ca 907/13|Wyrok|https://www.saos.org.pl/judgments/298141
46131|2014-02-14|SO|V ACa 862/13|Wyrok|https://www.saos.org.pl/judgments/46131
35908|2014-02-14|SO|I ACz 11/14|Postanowienie|https://www.saos.org.pl/judgments/35908
47984|2014-02-13|SO|III Ca 1372/13|Wyrok|https://www.saos.org.pl/judgments/47984
45477|2014-02-13|SO|II Ca 780/13|Wyrok|https://www.saos.org.pl/judgments/45477
39614|2014-02-13|SO|II Ca 55/14|Wyrok|https://www.saos.org.pl/judgments/39614
38029|2014-02-13|SO|I ACa 742/13|Wyrok|https://www.saos.org.pl/judgments/38029
62026|2014-02-11|SO|XV Ca 1259/13|Wyrok|https://www.saos.org.pl/judgments/62026
57198|2014-02-06|SO|III Ca 1563/13|Wyrok|https://www.saos.org.pl/judgments/57198
51290|2014-02-06|SO|III Ca 1518/13|Wyrok|https://www.saos.org.pl/judgments/51290
38022|2014-02-06|SO|I ACa 719/13|Wyrok|https://www.saos.org.pl/judgments/38022
131247|2014-02-05|SO|II Ca 524/13|Wyrok|https://www.saos.org.pl/judgments/131247
37744|2014-02-05|SO|III Ca 910/13|Postanowienie|https://www.saos.org.pl/judgments/37744
38389|2014-01-31|SO|I ACa 979/13|Wyrok|https://www.saos.org.pl/judgments/38389
59822|2014-01-29|SO|VI ACa 909/13|Wyrok|https://www.saos.org.pl/judgments/59822
34469|2014-01-27|SO|II Cz 53/14|Postanowienie|https://www.saos.org.pl/judgments/34469
74400|2014-01-24|SO|XV Ca 1768/13|Wyrok|https://www.saos.org.pl/judgments/74400
143653|2014-01-23|SO|II Ca 1136/13|Postanowienie|https://www.saos.org.pl/judgments/143653
144096|2014-01-22|SO|I Ca 357/13|Wyrok|https://www.saos.org.pl/judgments/144096
37119|2014-01-22|SO|I ACa 318/13|Wyrok|https://www.saos.org.pl/judgments/37119
34279|2014-01-22|SO|III Ca 812/13|Wyrok|https://www.saos.org.pl/judgments/34279
45449|2014-01-21|SO|III AUz 7/14|Postanowienie|https://www.saos.org.pl/judgments/45449
35698|2014-01-17|SO|I ACa 973/13|Wyrok|https://www.saos.org.pl/judgments/35698
34899|2014-01-17|SO|IV Ua 27/13|Wyrok|https://www.saos.org.pl/judgments/34899
43429|2014-01-16|SO|V ACa 757/13|Wyrok|https://www.saos.org.pl/judgments/43429
38821|2014-01-16|SO|II Ca 1626/12|Postanowienie|https://www.saos.org.pl/judgments/38821
35826|2014-01-16|SO|VIII Ga 103/13|Uzasadnienie|https://www.saos.org.pl/judgments/35826
33329|2014-01-16|SO|I ACz 21/14|Postanowienie|https://www.saos.org.pl/judgments/33329
49634|2014-01-14|SO|I ACa 483/13|Wyrok|https://www.saos.org.pl/judgments/49634
150120|2014-01-10|SO|II Ca 1133/13|Wyrok|https://www.saos.org.pl/judgments/150120
39434|2014-01-10|SO|II Ca 1511/13|Wyrok|https://www.saos.org.pl/judgments/39434
56875|2014-01-09|SO|III Ca 1403/13|Wyrok|https://www.saos.org.pl/judgments/56875
234528|2014-01-07|SO|II Cz 1002/13|Postanowienie|https://www.saos.org.pl/judgments/234528
143606|2013-12-30|SO|I Ca 406/13|Wyrok|https://www.saos.org.pl/judgments/143606
35798|2013-12-30|SO|V ACa 584/13|Wyrok|https://www.saos.org.pl/judgments/35798
33681|2013-12-18|SO|II Ca 774/13|Postanowienie|https://www.saos.org.pl/judgments/33681
37136|2013-12-17|SO|I ACa 655/13|Wyrok|https://www.saos.org.pl/judgments/37136
226721|2013-12-11|SO|V Ca 1716/13|Wyrok|https://www.saos.org.pl/judgments/226721
32582|2013-12-11|SO|III AUa 565/13|Wyrok|https://www.saos.org.pl/judgments/32582
32369|2013-12-06|SO|I ACa 759/13|Wyrok|https://www.saos.org.pl/judgments/32369
142559|2013-12-05|SO|II Ca 1006/13|Wyrok|https://www.saos.org.pl/judgments/142559
38001|2013-12-05|SO|I ACa 572/13|Wyrok|https://www.saos.org.pl/judgments/38001
27451|2013-12-05|SO|IV Cz 646/13|Postanowienie|https://www.saos.org.pl/judgments/27451
27392|2013-12-04|SO|I ACa 765/13|Wyrok|https://www.saos.org.pl/judgments/27392
33125|2013-11-29|SO|II Ca 1552/13|Postanowienie|https://www.saos.org.pl/judgments/33125
28632|2013-11-29|SO|IV Ca 540/13|Postanowienie|https://www.saos.org.pl/judgments/28632
57825|2013-11-15|SO|VI ACa 399/13|Wyrok|https://www.saos.org.pl/judgments/57825
58018|2013-11-14|SO|I ACa 1099/13|Wyrok|https://www.saos.org.pl/judgments/58018
33675|2013-11-14|SO|I ACa 541/13|Wyrok|https://www.saos.org.pl/judgments/33675
27188|2013-11-14|SO|III Ca 732/13|Postanowienie|https://www.saos.org.pl/judgments/27188
41010|2013-11-13|SO|I ACa 327/13|Wyrok|https://www.saos.org.pl/judgments/41010
36082|2013-11-13|SO|II Ca 349/13|Postanowienie|https://www.saos.org.pl/judgments/36082
27883|2013-11-13|SO|II Ca 701/13|Wyrok|https://www.saos.org.pl/judgments/27883
30787|2013-11-12|SO|VI ACa 182/13|Wyrok|https://www.saos.org.pl/judgments/30787
25830|2013-11-08|SO|IV Ca 502/13|Postanowienie|https://www.saos.org.pl/judgments/25830
35039|2013-11-07|SO|III AUa 292/13|Wyrok|https://www.saos.org.pl/judgments/35039
33535|2013-11-07|SO|I ACa 513/13|Wyrok|https://www.saos.org.pl/judgments/33535
31416|2013-11-06|SO|V ACa 441/13|Wyrok|https://www.saos.org.pl/judgments/31416
64514|2013-11-05|SO|VI ACa 111/13|Wyrok|https://www.saos.org.pl/judgments/64514
44542|2013-11-04|SO|II Ca 97/13|Uzasadnienie|https://www.saos.org.pl/judgments/44542
38099|2013-10-31|SO|VI ACa 139/13|Wyrok|https://www.saos.org.pl/judgments/38099
31634|2013-10-31|SO|II Ca 804/13|Wyrok|https://www.saos.org.pl/judgments/31634
46010|2013-10-30|SO|I ACa 477/13|Wyrok|https://www.saos.org.pl/judgments/46010
28489|2013-10-30|SO|I ACa 452/13|Wyrok|https://www.saos.org.pl/judgments/28489
27881|2013-10-30|SO|II Ca 258/13|Postanowienie|https://www.saos.org.pl/judgments/27881
27022|2013-10-29|SO|II Cz 817/13|Postanowienie|https://www.saos.org.pl/judgments/27022
25056|2013-10-29|SO|IV Ca 371/13|Wyrok|https://www.saos.org.pl/judgments/25056
141603|2013-10-25|SO|I ACz 826/13|Postanowienie|https://www.saos.org.pl/judgments/141603
39771|2013-10-25|SO|V ACa 560/13|Wyrok|https://www.saos.org.pl/judgments/39771
28404|2013-10-25|SO|I ACa 631/13|Wyrok|https://www.saos.org.pl/judgments/28404
26092|2013-10-25|SO|I ACa 479/13|Wyrok|https://www.saos.org.pl/judgments/26092
176326|2013-10-24|SO|II Ca 221/13|Wyrok|https://www.saos.org.pl/judgments/176326
33187|2013-10-24|SO|I ACa 327/13|Wyrok|https://www.saos.org.pl/judgments/33187
38885|2013-10-23|SO|II Cz 863/13|Postanowienie|https://www.saos.org.pl/judgments/38885
26924|2013-10-23|SO|III AUa 3729/12|Wyrok|https://www.saos.org.pl/judgments/26924
32269|2013-10-18|SO|VI ACa 443/13|Wyrok|https://www.saos.org.pl/judgments/32269
27423|2013-10-18|SO|IX Ca 455/13|Postanowienie|https://www.saos.org.pl/judgments/27423
27127|2013-10-18|SO|III AUa 268/13|Wyrok|https://www.saos.org.pl/judgments/27127
26540|2013-10-18|SO|I ACa 644/13|Wyrok|https://www.saos.org.pl/judgments/26540
31930|2013-10-17|SO|II Ca 454/13|Postanowienie|https://www.saos.org.pl/judgments/31930
29236|2013-10-17|SO|I ACa 634/13|Wyrok|https://www.saos.org.pl/judgments/29236
33049|2013-10-16|SO|I ACa 712/12|Wyrok|https://www.saos.org.pl/judgments/33049
34586|2013-10-15|SO|I ACa 615/13|Wyrok|https://www.saos.org.pl/judgments/34586
134011|2013-10-10|SO|II Cz 657/13|Postanowienie|https://www.saos.org.pl/judgments/134011
26532|2013-10-10|SO|I ACa 604/13|Wyrok|https://www.saos.org.pl/judgments/26532
36124|2013-10-09|SO|III AUa 178/13|Wyrok|https://www.saos.org.pl/judgments/36124
34254|2013-10-09|SO|I ACa 807/12|Wyrok|https://www.saos.org.pl/judgments/34254
37221|2013-10-08|SO|II Ca 719/13|Postanowienie|https://www.saos.org.pl/judgments/37221
29475|2013-10-07|SO|VI ACa 531/13|Postanowienie|https://www.saos.org.pl/judgments/29475
25143|2013-10-07|SO|III APa 4/13|Wyrok|https://www.saos.org.pl/judgments/25143
26780|2013-10-03|SO|III Ca 606/13|Postanowienie|https://www.saos.org.pl/judgments/26780
24616|2013-10-02|SO|I ACa 494/13|Wyrok|https://www.saos.org.pl/judgments/24616
26858|2013-09-27|SO|VI ACa 272/13|Wyrok|https://www.saos.org.pl/judgments/26858
24643|2013-09-27|SO|I ACa 414/13|Wyrok|https://www.saos.org.pl/judgments/24643
22850|2013-09-27|SO|I ACa 420/13|Wyrok|https://www.saos.org.pl/judgments/22850
24235|2013-09-26|SO|I ACa 492/13|Wyrok|https://www.saos.org.pl/judgments/24235
30784|2013-09-24|SO|I ACa 394/13|Wyrok|https://www.saos.org.pl/judgments/30784
22622|2013-09-20|SO|II Ca 676/13|Wyrok|https://www.saos.org.pl/judgments/22622
22606|2013-09-20|SO|II Ca 562/13|Wyrok|https://www.saos.org.pl/judgments/22606
29289|2013-09-19|SO|III APa 29/13|Wyrok|https://www.saos.org.pl/judgments/29289
26128|2013-09-18|SO|III AUa 2176/12|Wyrok|https://www.saos.org.pl/judgments/26128
24894|2013-09-17|SO|II Cz 527/13|Postanowienie|https://www.saos.org.pl/judgments/24894
20332|2013-09-17|SO|IX Gz 321/13|Postanowienie|https://www.saos.org.pl/judgments/20332
22741|2013-09-13|SO|I ACa 376/13|Wyrok|https://www.saos.org.pl/judgments/22741
25118|2013-09-12|SO|I ACa 490/13|Wyrok|https://www.saos.org.pl/judgments/25118
140932|2013-09-11|SO|I Ca 218/13|Wyrok|https://www.saos.org.pl/judgments/140932
22079|2013-09-11|SO|V Pa 96/12|Wyrok|https://www.saos.org.pl/judgments/22079
29290|2013-09-10|SO|III APa 30/13|Wyrok|https://www.saos.org.pl/judgments/29290
22384|2013-09-06|SO|I ACa 322/13|Wyrok|https://www.saos.org.pl/judgments/22384
142346|2013-09-05|SO|I Ca 251/12|Postanowienie|https://www.saos.org.pl/judgments/142346
140804|2013-09-05|SO|I Ca 109/13|Wyrok|https://www.saos.org.pl/judgments/140804
21287|2013-09-05|SO|II Ca 257/13|Postanowienie|https://www.saos.org.pl/judgments/21287
20143|2013-09-04|SO|III AUa 719/13|Wyrok|https://www.saos.org.pl/judgments/20143
22050|2013-08-29|SO|II Ca 653/13|Wyrok|https://www.saos.org.pl/judgments/22050
21263|2013-08-29|SO|IV Ca 1814/12|Wyrok|https://www.saos.org.pl/judgments/21263
21282|2013-08-28|SO|I ACa 279/13|Wyrok|https://www.saos.org.pl/judgments/21282
19485|2013-08-28|SO|VIII Ca 290/13|Wyrok|https://www.saos.org.pl/judgments/19485
176319|2013-08-20|SO|II Ca 11/13|Wyrok|https://www.saos.org.pl/judgments/176319
26523|2013-08-20|SO|I ACa 367/13|Wyrok|https://www.saos.org.pl/judgments/26523
21663|2013-08-09|SO|I ACa 263/13|Wyrok|https://www.saos.org.pl/judgments/21663
18066|2013-08-07|SO|I ACa 311/13|Wyrok|https://www.saos.org.pl/judgments/18066
24882|2013-08-05|SO|II Ca 456/13|Wyrok|https://www.saos.org.pl/judgments/24882
33666|2013-08-01|SO|VI ACa 902/12|Wyrok|https://www.saos.org.pl/judgments/33666
42256|2013-07-31|SO|I ACa 276/13|Wyrok|https://www.saos.org.pl/judgments/42256
19721|2013-07-17|SO|I ACa 234/13|Wyrok|https://www.saos.org.pl/judgments/19721
159613|2013-07-16|SO|I ACa 319/13|Wyrok|https://www.saos.org.pl/judgments/159613
26651|2013-07-16|SO|VI ACa 1568/12|Wyrok|https://www.saos.org.pl/judgments/26651
18970|2013-07-12|SO|I ACa 226/13|Wyrok|https://www.saos.org.pl/judgments/18970
17839|2013-07-12|SO|V ACa 247/13|Wyrok|https://www.saos.org.pl/judgments/17839
29884|2013-07-11|SO|VI ACa 1511/12|Wyrok|https://www.saos.org.pl/judgments/29884
20189|2013-07-10|SO|I ACa 30/13|Wyrok|https://www.saos.org.pl/judgments/20189
18138|2013-07-05|SO|I ACa 395/12|Wyrok|https://www.saos.org.pl/judgments/18138
21276|2013-07-03|SO|I ACa 204/13|Wyrok|https://www.saos.org.pl/judgments/21276
33346|2013-07-02|SO|III AUa 857/13|Wyrok|https://www.saos.org.pl/judgments/33346
16625|2013-06-28|SO|II Cz 217/13|Postanowienie|https://www.saos.org.pl/judgments/16625
24625|2013-06-27|SO|VI ACa 1652/12|Wyrok|https://www.saos.org.pl/judgments/24625
24104|2013-06-26|SO|V ACa 316/13|Wyrok|https://www.saos.org.pl/judgments/24104
22399|2013-06-25|SO|VI ACa 1582/12|Wyrok|https://www.saos.org.pl/judgments/22399
16111|2013-06-24|SO|III Ua 2/13|Wyrok|https://www.saos.org.pl/judgments/16111
14487|2013-06-24|SO|III Ua 3/13|Wyrok|https://www.saos.org.pl/judgments/14487
14203|2013-06-21|SO|I ACa 1/13|Wyrok|https://www.saos.org.pl/judgments/14203
171915|2013-06-19|SO|II Ca 1187/12|Wyrok|https://www.saos.org.pl/judgments/171915
15666|2013-06-19|SO|III AUa 273/13|Wyrok|https://www.saos.org.pl/judgments/15666
48687|2013-06-18|SO|XXIII Ga 87/13|Postanowienie|https://www.saos.org.pl/judgments/48687
33511|2013-06-18|SO|VI ACa 1448/12|Wyrok|https://www.saos.org.pl/judgments/33511
16155|2013-06-14|SO|V ACa 171/13|Wyrok|https://www.saos.org.pl/judgments/16155
15733|2013-06-13|SO|VI Ga 89/13|Wyrok|https://www.saos.org.pl/judgments/15733
385098|2013-06-12|SO|V ACa 175/13|Wyrok|https://www.saos.org.pl/judgments/385098
141723|2013-06-07|SO|II Ca 1220/12|Postanowienie|https://www.saos.org.pl/judgments/141723
142534|2013-06-05|SO|I Ca 184/13|Wyrok|https://www.saos.org.pl/judgments/142534
15952|2013-06-04|SO|VI ACa 845/10|Wyrok|https://www.saos.org.pl/judgments/15952
15740|2013-05-31|SO|VIII Ga 446/12|Wyrok|https://www.saos.org.pl/judgments/15740
16616|2013-05-29|SO|II Ca 306/13|Postanowienie|https://www.saos.org.pl/judgments/16616
13522|2013-05-29|SO|IV Ca 251/13|Wyrok|https://www.saos.org.pl/judgments/13522
38167|2013-05-28|SO|I ACa 493/13|Wyrok|https://www.saos.org.pl/judgments/38167
20171|2013-05-28|SO|II Ca 956/12|Postanowienie|https://www.saos.org.pl/judgments/20171
16819|2013-05-28|SO|V Pa 323/11|Wyrok|https://www.saos.org.pl/judgments/16819
26707|2013-05-24|SO|I ACa 182/13|Wyrok|https://www.saos.org.pl/judgments/26707
12714|2013-05-24|SO|V Pa 22/13|Wyrok|https://www.saos.org.pl/judgments/12714
101787|2013-05-23|SN|I CSK 555/12|Wyrok|https://www.saos.org.pl/judgments/101787
11948|2013-05-23|SO|III AUa 1204/12|Wyrok|https://www.saos.org.pl/judgments/11948
41501|2013-05-22|SO|I ACa 385/13|Wyrok|https://www.saos.org.pl/judgments/41501
142003|2013-05-17|SO|I Ca 38/13|Postanowienie|https://www.saos.org.pl/judgments/142003
138732|2013-05-17|SO|I Ca 94/13|Wyrok|https://www.saos.org.pl/judgments/138732
139583|2013-05-15|SO|I Ca 112/13|Wyrok|https://www.saos.org.pl/judgments/139583
12293|2013-05-15|SO|I ACa 179/13|Wyrok|https://www.saos.org.pl/judgments/12293
13362|2013-05-14|SO|III AUz 62/13|Postanowienie|https://www.saos.org.pl/judgments/13362
10875|2013-05-13|SO|V ACz 404/13|Postanowienie|https://www.saos.org.pl/judgments/10875
20276|2013-05-09|SO|I ACa 1330/12|Wyrok|https://www.saos.org.pl/judgments/20276
12215|2013-05-07|SO|III AUa 534/12|Wyrok|https://www.saos.org.pl/judgments/12215
17417|2013-04-26|SO|V ACa 192/13|Wyrok|https://www.saos.org.pl/judgments/17417
508806|2013-04-24|SO|IV Pa 17/13|Wyrok|https://www.saos.org.pl/judgments/508806
138375|2013-04-24|SO|I Ca 73/13|Postanowienie|https://www.saos.org.pl/judgments/138375
70596|2013-04-23|SO|I ACa 258/13|Wyrok|https://www.saos.org.pl/judgments/70596
11750|2013-04-22|SO|I ACa 1311/12|Wyrok|https://www.saos.org.pl/judgments/11750
10479|2013-04-18|SO|I ACa 55/13|Wyrok|https://www.saos.org.pl/judgments/10479
138020|2013-04-12|SO|II Ca 135/13|Postanowienie|https://www.saos.org.pl/judgments/138020
11926|2013-04-12|SO|I ACa 73/13|Wyrok|https://www.saos.org.pl/judgments/11926
8784|2013-04-11|SO|III AUa 199/13|Wyrok|https://www.saos.org.pl/judgments/8784
24048|2013-04-10|SO|VI ACa 1331/12|Wyrok|https://www.saos.org.pl/judgments/24048
11693|2013-04-10|SO|I ACa 26/13|Wyrok|https://www.saos.org.pl/judgments/11693
10831|2013-04-10|SO|I ACa 27/13|Wyrok|https://www.saos.org.pl/judgments/10831
10219|2013-04-05|SO|I ACa 1250/12|Wyrok|https://www.saos.org.pl/judgments/10219
15236|2013-04-04|SO|I ACa 36/13|Wyrok|https://www.saos.org.pl/judgments/15236
11834|2013-04-04|SO|I ACa 49/13|Wyrok|https://www.saos.org.pl/judgments/11834
137846|2013-03-29|SO|I Cz 168/13|Postanowienie|https://www.saos.org.pl/judgments/137846
11470|2013-03-27|SO|I ACa 1178/12|Wyrok|https://www.saos.org.pl/judgments/11470
8651|2013-03-27|SO|I ACa 1208/12|Wyrok|https://www.saos.org.pl/judgments/8651
38298|2013-03-26|SO|I ACa 162/13|Wyrok|https://www.saos.org.pl/judgments/38298
389783|2013-03-19|SO|V ACa 774/12|Wyrok|https://www.saos.org.pl/judgments/389783
35178|2013-03-18|SO|I ACa 86/13|Wyrok|https://www.saos.org.pl/judgments/35178
8428|2013-03-15|SO|I ACa 841/12|Wyrok|https://www.saos.org.pl/judgments/8428
101027|2013-03-14|SN|I CZ 12/13|Postanowienie|https://www.saos.org.pl/judgments/101027
7802|2013-03-13|SO|I ACz 225/13|Postanowienie|https://www.saos.org.pl/judgments/7802
9755|2013-03-12|SO|I ACa 1129/12|Wyrok|https://www.saos.org.pl/judgments/9755
137655|2013-02-28|SO|I Cz 58/13|Postanowienie|https://www.saos.org.pl/judgments/137655
137653|2013-02-28|SO|I Cz 54/13|Postanowienie|https://www.saos.org.pl/judgments/137653
30795|2013-02-28|SO|III AUa 1694/12|Wyrok|https://www.saos.org.pl/judgments/30795
16360|2013-02-28|SO|VI ACa 1510/12|Wyrok|https://www.saos.org.pl/judgments/16360
8328|2013-02-28|SO|I ACz 269/13|Postanowienie|https://www.saos.org.pl/judgments/8328
6829|2013-02-28|SO|I ACa 13/13|Wyrok|https://www.saos.org.pl/judgments/6829
17028|2013-02-27|SO|I ACa 1055/12|Wyrok|https://www.saos.org.pl/judgments/17028
11701|2013-02-22|SO|I ACa 665/12|Wyrok|https://www.saos.org.pl/judgments/11701
15888|2013-02-20|SO|I ACa 747/12|Wyrok|https://www.saos.org.pl/judgments/15888
8681|2013-02-18|SO|I ACa 840/12|Postanowienie|https://www.saos.org.pl/judgments/8681
7002|2013-02-18|SO|III AUa 764/12|Wyrok|https://www.saos.org.pl/judgments/7002
6623|2013-02-18|SO|I ACa 958/12|Wyrok|https://www.saos.org.pl/judgments/6623
30842|2013-02-15|SO|I ACa 7/13|Wyrok|https://www.saos.org.pl/judgments/30842
14136|2013-02-14|SO|I ACa 826/12|Wyrok|https://www.saos.org.pl/judgments/14136
11361|2013-02-14|SO|I ACa 795/12|Wyrok|https://www.saos.org.pl/judgments/11361
4994|2013-02-14|SO|I ACz 215/13|Postanowienie|https://www.saos.org.pl/judgments/4994
13476|2013-02-12|SO|I ACa 932/12|Wyrok|https://www.saos.org.pl/judgments/13476
12426|2013-02-12|SO|V ACa 18/13|Wyrok|https://www.saos.org.pl/judgments/12426
9376|2013-02-08|SO|I ACa 852/12|Wyrok|https://www.saos.org.pl/judgments/9376
8129|2013-02-08|SO|I ACa 1400/12|Wyrok|https://www.saos.org.pl/judgments/8129
7182|2013-02-08|SO|V ACa 511/12|Wyrok|https://www.saos.org.pl/judgments/7182
10655|2013-02-07|SO|I ACa 31/13|Wyrok|https://www.saos.org.pl/judgments/10655
7730|2013-02-07|SO|I ACa 1146/12|Wyrok|https://www.saos.org.pl/judgments/7730
16964|2013-01-29|SO|VI ACa 964/11|Wyrok|https://www.saos.org.pl/judgments/16964
10454|2013-01-29|SO|I ACa 1017/12|Wyrok|https://www.saos.org.pl/judgments/10454
7793|2013-01-29|SO|I ACa 645/12|Wyrok|https://www.saos.org.pl/judgments/7793
4708|2013-01-28|SO|II Cz 35/13|Postanowienie|https://www.saos.org.pl/judgments/4708
13046|2013-01-23|SO|I ACa 837/12|Wyrok|https://www.saos.org.pl/judgments/13046
8307|2013-01-22|SO|VI ACa 978/12|Wyrok|https://www.saos.org.pl/judgments/8307
138525|2013-01-21|SO|II Ca 1361/12|Wyrok|https://www.saos.org.pl/judgments/138525
10991|2013-01-17|SO|VI ACa 963/12|Wyrok|https://www.saos.org.pl/judgments/10991
137748|2013-01-11|SO|II Ca 1002/12|Wyrok|https://www.saos.org.pl/judgments/137748
4903|2013-01-09|SO|III AUa 678/12|Wyrok|https://www.saos.org.pl/judgments/4903
4689|2013-01-09|SO|V ACa 648/12|Wyrok|https://www.saos.org.pl/judgments/4689
24621|2012-12-28|SO|VI ACa 326/12|Wyrok|https://www.saos.org.pl/judgments/24621
13271|2012-12-21|SO|I ACa 699/12|Wyrok|https://www.saos.org.pl/judgments/13271
100217|2012-12-20|SN|IV CZ 137/12|Postanowienie|https://www.saos.org.pl/judgments/100217
6732|2012-12-20|SO|I ACa 662/12|Wyrok|https://www.saos.org.pl/judgments/6732
4580|2012-12-20|SO|I ACa 606/12|Wyrok|https://www.saos.org.pl/judgments/4580
6733|2012-12-19|SO|I ACa 739/12|Wyrok|https://www.saos.org.pl/judgments/6733
6035|2012-12-17|SO|III AUa 605/11|Wyrok|https://www.saos.org.pl/judgments/6035
7842|2012-12-14|SO|I ACa 1196/12|Wyrok|https://www.saos.org.pl/judgments/7842
11487|2012-12-12|SO|V ACa 937/12|Wyrok|https://www.saos.org.pl/judgments/11487
4750|2012-12-12|SO|I ACa 695/12|Wyrok|https://www.saos.org.pl/judgments/4750
20281|2012-12-11|SO|VI ACa 643/12|Wyrok|https://www.saos.org.pl/judgments/20281
17038|2012-12-06|SO|VI ACa 840/11|Wyrok|https://www.saos.org.pl/judgments/17038
7559|2012-12-06|SO|I ACa 994/11|Wyrok|https://www.saos.org.pl/judgments/7559
3560|2012-12-06|SO|I ACa 352/12|Wyrok|https://www.saos.org.pl/judgments/3560
10979|2012-12-05|SO|V ACa 918/12|Wyrok|https://www.saos.org.pl/judgments/10979
10748|2012-11-29|SO|V ACa 880/12|Wyrok|https://www.saos.org.pl/judgments/10748
3405|2012-11-28|SO|I ACa 689/12|Wyrok|https://www.saos.org.pl/judgments/3405
13470|2012-11-21|SO|VI ACa 893/12|Wyrok|https://www.saos.org.pl/judgments/13470
7665|2012-11-20|SO|I ACa 1034/12|Wyrok|https://www.saos.org.pl/judgments/7665
3332|2012-11-16|SO|I ACa 1143/12|Wyrok|https://www.saos.org.pl/judgments/3332
3152|2012-11-15|SO|III AUa 808/11|Wyrok|https://www.saos.org.pl/judgments/3152
29906|2012-11-14|SO|I ACa 539/12|Wyrok|https://www.saos.org.pl/judgments/29906
3859|2012-11-14|SO|I ACa 506/12|Wyrok|https://www.saos.org.pl/judgments/3859
4582|2012-11-09|SO|I ACa 612/12|Wyrok|https://www.saos.org.pl/judgments/4582
3646|2012-10-30|SO|I ACa 579/12|Wyrok|https://www.saos.org.pl/judgments/3646
2911|2012-10-30|SO|I ACa 650/12|Wyrok|https://www.saos.org.pl/judgments/2911
2412|2012-10-19|SO|I ACa 628/12|Wyrok|https://www.saos.org.pl/judgments/2412
4738|2012-10-16|SO|I ACa 540/12|Wyrok|https://www.saos.org.pl/judgments/4738
544|2012-10-16|SO|I ACa 435/12|Wyrok|https://www.saos.org.pl/judgments/544
4369|2012-10-12|SO|VI ACa 533/12|Wyrok|https://www.saos.org.pl/judgments/4369
788|2012-10-11|SO|I ACz 1719/12|Postanowienie|https://www.saos.org.pl/judgments/788
8146|2012-10-10|SO|III AUa 523/12|Wyrok|https://www.saos.org.pl/judgments/8146
730|2012-10-10|SO|I ACa 629/12|Wyrok|https://www.saos.org.pl/judgments/730
5793|2012-10-03|SO|I ACa 1297/11|Wyrok|https://www.saos.org.pl/judgments/5793
1072|2012-10-03|SO|III AUa 384/12|Wyrok|https://www.saos.org.pl/judgments/1072
353|2012-09-28|SO|I ACa 550/12|Postanowienie|https://www.saos.org.pl/judgments/353
352|2012-09-28|SO|I ACa 549/12|Postanowienie|https://www.saos.org.pl/judgments/352
5811|2012-09-25|SO|I ACa 226/12|Wyrok|https://www.saos.org.pl/judgments/5811
3100|2012-09-21|SO|III APa 80/11|Wyrok|https://www.saos.org.pl/judgments/3100
2312|2012-09-20|SO|I ACa 486/12|Wyrok|https://www.saos.org.pl/judgments/2312
2406|2012-09-19|SO|V ACa 666/12|Wyrok|https://www.saos.org.pl/judgments/2406
520|2012-09-17|SO|V ACz 662/12|Postanowienie|https://www.saos.org.pl/judgments/520
135|2012-09-17|SO|I ACz 1331/12|Postanowienie|https://www.saos.org.pl/judgments/135
10106|2012-09-13|SO|I ACa 845/12|Wyrok|https://www.saos.org.pl/judgments/10106
3844|2012-09-13|SO|I ACa 1283/11|Wyrok|https://www.saos.org.pl/judgments/3844
55|2012-09-12|SO|I ACa 803/12|Wyrok|https://www.saos.org.pl/judgments/55
53|2012-09-12|SO|I ACa 800/12|Wyrok|https://www.saos.org.pl/judgments/53
3553|2012-09-06|SO|VI ACa 458/12|Wyrok|https://www.saos.org.pl/judgments/3553
836|2012-09-06|SO|I ACa 234/12|Wyrok|https://www.saos.org.pl/judgments/836
9287|2012-08-22|SO|I ACa 122/12|Wyrok|https://www.saos.org.pl/judgments/9287
6191|2012-08-17|SO|V ACa 621/12|Wyrok|https://www.saos.org.pl/judgments/6191
4952|2012-07-05|SO|I ACa 1140/11|Wyrok|https://www.saos.org.pl/judgments/4952
1239|2012-06-26|SO|VI ACa 87/12|Wyrok|https://www.saos.org.pl/judgments/1239
9295|2012-06-14|SO|I ACa 1382/11|Wyrok|https://www.saos.org.pl/judgments/9295
98256|2012-06-01|SN|II PK 253/11|Wyrok|https://www.saos.org.pl/judgments/98256
12639|2012-05-31|SO|I ACa 242/12|Wyrok|https://www.saos.org.pl/judgments/12639
2078|2012-05-17|SO|I ACa 429/12|Wyrok|https://www.saos.org.pl/judgments/2078
97853|2012-04-20|SN|III CSK 247/11|Wyrok|https://www.saos.org.pl/judgments/97853
2154|2012-04-12|SO|I ACz 433/12|Postanowienie|https://www.saos.org.pl/judgments/2154
2008|2012-04-12|SO|I ACa 1024/11|Wyrok|https://www.saos.org.pl/judgments/2008
1662|2012-02-21|SO|III AUa 1674/11|Wyrok|https://www.saos.org.pl/judgments/1662
9252|2012-02-17|SO|V ACa 140/12|Wyrok|https://www.saos.org.pl/judgments/9252
1934|2012-02-15|SO|I ACa 24/12|Wyrok|https://www.saos.org.pl/judgments/1934
1917|2012-02-15|SO|I ACa 15/12|Wyrok|https://www.saos.org.pl/judgments/1917
2209|2012-02-13|SO|I ACz 270/12|Postanowienie|https://www.saos.org.pl/judgments/2209
136025|2012-01-30|SO|I ACz 67/12|Postanowienie|https://www.saos.org.pl/judgments/136025
4586|2011-11-23|SO|I ACa 893/11|Wyrok|https://www.saos.org.pl/judgments/4586
16506|2011-11-17|SO|VI ACa 632/11|Wyrok|https://www.saos.org.pl/judgments/16506
2304|2011-11-15|SO|I ACa 1080/11|Wyrok|https://www.saos.org.pl/judgments/2304
95784|2011-09-21|SN|II PK 34/11|Postanowienie|https://www.saos.org.pl/judgments/95784
26547|2011-09-15|SO|I ACa 744/11|Wyrok|https://www.saos.org.pl/judgments/26547
34738|2011-06-16|SO|VI ACa 21/11|Wyrok|https://www.saos.org.pl/judgments/34738
94296|2011-02-23|SN|V CSK 257/10|Wyrok|https://www.saos.org.pl/judgments/94296
34732|2011-02-04|SO|VI ACa 1052/10|Wyrok|https://www.saos.org.pl/judgments/34732
20473|2011-01-11|SO|VI ACa 784/10|Wyrok|https://www.saos.org.pl/judgments/20473
26548|2010-11-23|SO|I ACa 926/10|Wyrok|https://www.saos.org.pl/judgments/26548
93351|2010-11-04|SN|IV CSK 188/10|Wyrok|https://www.saos.org.pl/judgments/93351
92827|2010-09-03|SN|I PK 67/10|Wyrok|https://www.saos.org.pl/judgments/92827
92566|2010-06-29|SN|III CZ 27/10|Postanowienie|https://www.saos.org.pl/judgments/92566
165378|2010-06-25|SN|II UK 75/10|Wyrok|https://www.saos.org.pl/judgments/165378
92251|2010-05-19|SN|I CSK 504/09|Postanowienie|https://www.saos.org.pl/judgments/92251
165289|2010-04-23|SN|II UK 309/09|Wyrok|https://www.saos.org.pl/judgments/165289
165257|2010-03-09|SN|I UK 267/09|Wyrok|https://www.saos.org.pl/judgments/165257
165120|2009-11-13|SN|III PK 44/09|Wyrok|https://www.saos.org.pl/judgments/165120
91115|2009-10-28|SN|I PK 95/09|Wyrok|https://www.saos.org.pl/judgments/91115
90455|2009-06-24|SN|I CSK 535/08|Wyrok|https://www.saos.org.pl/judgments/90455
88919|2008-10-13|SN|II CSK 187/08|Wyrok|https://www.saos.org.pl/judgments/88919
85819|2007-05-08|SN|II UZP 1/07|Postanowienie|https://www.saos.org.pl/judgments/85819
85752|2007-04-26|SN|II CSK 556/06|Wyrok|https://www.saos.org.pl/judgments/85752
19524|2007-04-20|SO|I ACa 1164/06|Wyrok|https://www.saos.org.pl/judgments/19524
85229|2007-02-16|SN|II PZ 81/06|Postanowienie|https://www.saos.org.pl/judgments/85229
164405|2006-07-14|SN|II CSK 75/06|Wyrok|https://www.saos.org.pl/judgments/164405
83670|2005-08-09|SN|III PK 63/05|Wyrok|https://www.saos.org.pl/judgments/83670
466530|2005-05-05|SO|I ACa 502/05|Wyrok|https://www.saos.org.pl/judgments/466530
162921|2005-01-19|SN|V CK 768/04|Postanowienie|https://www.saos.org.pl/judgments/162921
162875|2005-01-13|SN|III CK 155/04|Wyrok|https://www.saos.org.pl/judgments/162875
83070|2004-12-15|SN|I PK 97/04|Wyrok|https://www.saos.org.pl/judgments/83070
81063|2001-12-10|SN|I PZ 93/01|Postanowienie|https://www.saos.org.pl/judgments/81063
